0.00074325
0.00237320
0.00087120
0.00093372
0.00104776
0.00324535
0.00095003
0.00439119
0.00245406
0.00325795
0.00165039
0.00316027
0.00321002
0.00338108
0.00242304
0.00244303
0.00241707
0.00321363
0.00162650
0.00330136
0.00319509
0.00340927
0.00081184
0.00400929
0.00082962
0.00405363
0.00244836
0.00330915
0.00243588
0.00254692
0.00083131
0.00267939
0.00341615
0.00320982
0.00243369
0.00241407
0.00243190
0.00236279
0.00253643
0.00245873
0.00084099
0.00241727
0.00314377
0.00087923
0.00258775
0.00177702
0.00244954
0.00161805
0.00243567
0.00163482
0.00180629
0.00252559
0.00250410
0.00241498
0.00162986
0.00161271
0.00242405
0.00163448
0.00242229
0.00082900
0.00163850
0.00162339
0.00157877
0.00168699
0.00170807
0.00173821
0.00181397
0.00184340
0.00181143
0.00181419
0.00188039
0.00180766
0.00170924
0.00168848
0.00162750
0.00162681
0.00164159
0.00162650
0.00081218
0.00158455
0.00080492
0.00159049
0.00158904
0.00158927
0.00165670
0.00242532
0.00167369
0.00261529
0.00085794
0.00244953
0.00162675
0.00163662
0.00243623
0.00084334
0.00242624
0.00163971
0.00083591
0.00163367
0.00179515
0.00159241
0.00169861
0.00161855
0.00083450
0.00241266
0.00163953
0.00246152
0.00398816
0.00158529
0.00168510
0.00243434
0.00173790
0.00083217
0.00084905
0.00164663
0.00083043
0.00163507
0.00098949
0.00243770
0.00189087
0.00247899
0.00082464
0.00084717
0.00083671
0.00322120
0.00475924
0.00167207
0.00099503
0.00242898
0.00327928
0.00772430
0.00250195
0.00161988
0.00399810
0.00086629
0.00254832
0.00100829
0.00313798
0.00090942
0.00164602
0.00084361
0.00082852
0.00164406
0.00162264
0.00085364
0.00244440
0.00244831
0.00083532
0.00082796
0.00083036
0.00242764
0.00082563
0.00083366
0.00083960
0.00083043
0.00163318
0.00166139
0.00179670
0.00080553
0.00086437
0.00083760
0.00083341
0.00098405
0.00083522
0.00312475
0.00166941
0.00245130
0.00556742
0.00250080
0.00083374
0.00082965
0.00162417
0.00477398
0.00080979
0.00242464
0.00241883
0.00157716
0.00085216
0.00241853
0.00162814
0.00082717
0.00082590
0.00244937
0.00164064
0.00255044
0.00327057
0.00235867
0.00244553
0.00320998
0.00164201
0.00083709
0.00083178
0.00244065
0.00580329
0.00204000
0.00248857
0.00083764
0.00245676
0.00087196
0.00082999
0.00165376
0.00084043
0.00163333
0.00161571
0.00163094
0.00083153
0.00242026
0.00242138
0.00082844
0.00083014
0.00082863
0.00083115
0.00086848
0.00080297
0.00086034
0.00083586
0.00083292
0.00083778
0.00166485
0.00083206
0.00163508
0.00083965
0.00163041
0.00162956
0.00000000
0.00000000
0.00000000
0.00000000
0.00039133
0.00035978
0.00036203
0.00034760
0.00034957
0.00034644
0.00034943
0.00033920
0.00036514
0.00035375
0.00035048
0.00036430
0.00069824
0.00034069
0.00034550
0.00035778
0.00035710
0.00035261
0.00035787
0.00034984
0.00035300
0.00039503
0.00038587
0.00038668
0.00036349
0.00034987
0.00035576
0.00035019
0.00035349
0.00035038
0.00040367
0.00034041
0.00036304
0.00034824
0.00035130
0.00040241
0.00035395
0.00034831
0.00035150
0.00034956
0.00034957
0.00064769
0.00034417
0.00101247
0.00035212
0.00034625
0.00035284
0.00034850
0.00034969
0.00034730
0.00035039
0.00034720
0.00035155
0.00034820
0.00035164
0.00035296
0.00034932
0.00034868
0.00034512
0.00033854
0.00037382
0.00035224
0.00036001
0.00036402
0.00035854
0.00035202
0.00035327
0.00034914
0.00035484
0.00034810
0.00035231
0.00034932
0.00099058
0.00034076
0.00034121
0.00035928
0.00035455
0.00034889
0.00034481
0.00035800
0.00035291
0.00035778
0.00037254
0.00035256
0.00035963
0.00034091
0.00034333
0.00036928
0.00035015
0.00034853
0.00035505
0.00034948
0.00035348
0.00035121
0.00035288
0.00034989
0.00035568
0.00035144
0.00035181
0.00035059
0.00035692
0.00034747
0.00035346
0.00038382
0.00034169
0.00035511
0.00035236
0.00034840
0.00035768
0.00034826
0.00035085
0.00034999
0.00035101
0.00034893
0.00035364
0.00034938
0.00067737
0.00034801
0.00035153
0.00034100
0.00035970
0.00035029
0.00035253
0.00034674
