0.01730697
0.00285499
0.00277022
0.00280633
0.00276980
0.00274412
0.00274329
0.00274796
0.00274746
0.00285398
0.00277347
0.00283667
0.00279708
0.00277293
0.00277571
0.00273195
0.00284687
0.00272639
0.00271339
0.00279306
0.00275816
0.00274787
0.00281355
0.00277319
0.00278083
0.00274920
0.00289898
0.00287462
0.00273768
0.00270562
0.00279506
0.00275817
0.00273390
0.00271961
0.00273288
0.00282971
0.00275110
0.00306232
0.00282282
0.00278213
0.00281446
0.00277216
0.00275552
0.00280700
0.00272260
0.00271790
0.00273420
0.00279594
0.00275968
0.00274546
0.00274307
0.00276505
0.00276862
0.00275285
0.00272948
0.00274383
0.00273529
0.00290215
0.00271447
0.00271090
0.00278910
0.00273449
0.00278251
0.00272674
0.00284114
0.00274900
0.00274228
0.00292557
0.00282695
0.00282470
0.00274910
0.00274767
0.00000000
0.00000000
0.00000000
0.00000000
0.01778191
0.00286352
0.00274798
0.00275549
0.00276102
0.00275212
0.00274098
0.00274856
0.00277432
0.00279347
0.00273126
0.00273449
0.00273052
0.00273471
0.00273079
0.00273761
0.00279969
0.00275880
0.00275515
0.00280561
0.00274316
0.00273988
0.00000000
0.00000000
0.00000000
0.00000000
0.01761545
0.00285802
0.00273628
0.00274100
0.00273989
0.00274216
0.00274426
0.00274303
0.00274275
0.00277336
0.00274724
0.00274290
0.00274166
0.00271823
0.00273047
0.00272834
0.00273156
0.00278634
0.00279493
0.00274087
0.00279317
0.00276860
0.00276182
0.00284515
0.00274033
0.00275025
0.00274571
0.00273247
0.00273743
0.00277206
0.00278381
0.00273918
0.00274694
0.00274766
0.00274298
0.00274166
0.00283270
0.00280181
0.00285947
0.00276110
0.00279990
0.00278078
0.00273378
0.00274741
0.00274327
0.00274223
0.00274248
0.00274613
0.00274454
0.00274330
0.00274012
0.00279025
0.00275007
0.00273923
0.00274315
0.00274146
0.00272816
0.00279062
0.00274299
0.00293567
0.00275802
0.00274216
0.00274760
0.00284999
0.00282706
0.00274704
0.00274020
0.00273855
0.00274825
0.00273813
0.00273689
0.00272603
0.00273790
0.00273672
0.00273601
0.00274005
0.00274831
0.00275211
0.00273864
0.00273957
0.00273811
0.00275287
0.00274548
0.00274289
0.00273646
0.00278730
0.00273383
0.00272158
0.00283975
0.00279482
0.00277846
0.00274452
0.00274967
0.00274289
0.00275155
0.00279413
0.00273984
0.00276707
0.00274250
0.00273967
0.00272956
0.00272576
0.00274177
0.00278961
0.00275628
0.00275189
0.00280458
0.00275901
0.00275571
0.00275373
0.00274455
0.00274720
0.00277172
0.00280124
0.00274069
0.00274848
0.00274752
0.00278151
0.00274954
0.00274616
0.00274795
0.00280113
0.00274923
0.00279882
0.00274329
0.00273493
0.00273541
0.00282138
0.00284881
0.00275558
0.00274729
0.00275143
0.00274775
0.00274341
0.00571237
0.00436249
0.00377229
0.00321167
0.00000000
0.00000000
0.00000000
0.00000000
0.01713618
0.00302433
0.00295431
0.00282475
0.00286335
0.00277395
0.00276366
0.00271819
0.00272827
0.00273803
0.00271979
0.00288278
0.00294304
0.00281463
0.00281227
0.00283094
0.00286443
0.00287780
0.00275350
0.00272950
0.00277483
0.00272540
0.00271962
0.00274850
0.00273318
0.00277068
0.00282641
0.00274522
0.00274773
0.00274842
0.00274218
0.00274622
0.00274070
0.00274995
0.00281517
0.00275378
0.00273749
0.00273592
0.00274388
0.00275243
0.00279122
0.00280270
0.00290710
0.00276306
0.00289564
0.00279923
0.00291976
0.00281758
0.00292606
0.00275787
0.00297676
0.00298091
0.00302949
0.00287283
0.00273565
0.00281142
0.00290098
0.00286475
0.00297230
0.00285985
0.00287362
0.00287648
0.00282076
0.00302403
0.00302478
0.00303007
0.00274585
0.00290822
0.00286035
0.00286417
0.00304265
0.00302378
0.00305715
0.00303139
0.00282599
0.00286286
0.00286422
0.00305166
0.00308643
0.00283361
0.00284046
0.00285842
0.00284258
0.00282182
0.00291278
0.00285700
0.00283994
0.00290558
0.00299286
0.00286208
0.00292457
0.00283104
0.00290289
0.00284989
0.00285162
0.00290635
0.00298749
0.00308499
0.00287585
0.00290358
0.00281536
0.00286048
0.00293873
0.00287130
0.00285104
0.00282095
0.00281463
0.00294418
0.00292165
0.00282923
0.00283439
0.00282225
0.00280993
0.00309281
0.00284511
0.00281790
0.00280781
0.00282252
0.00308538
0.00291123
0.00290967
0.00297079
0.00284746
0.00291143
0.00288148
0.00291375
0.00291023
0.00302032
0.00296596
0.00300767
0.00294209
0.00299516
0.00322509
0.00316645
0.00293461
0.00309134
0.00313264
0.00306054
0.00290628
0.00291011
0.00299470
0.00288973
0.00295228
0.00296342
0.00283488
0.00281853
0.00280740
0.00297896
0.00302087
0.00286154
0.00283644
0.00283857
0.00281858
0.00300801
0.00302060
0.00292127
0.00283038
0.00282543
0.00283082
0.00290087
0.00299004
0.00302652
0.00287202
0.00290227
0.00272779
0.00282752
0.00288811
0.00289023
0.00282622
0.00281046
0.00279947
