0.00044377
0.00030815
0.00024764
0.00024878
0.00027451
0.00024789
0.00024121
0.00048059
0.00028174
0.00026772
0.00025568
0.00048358
0.00047543
0.00025645
0.00029159
0.00024590
0.00025230
0.00024977
0.00051518
0.00051306
0.00025761
0.00026416
0.00024660
0.00025130
0.00024727
0.00047324
0.00024808
0.00024787
0.00070489
0.00024936
0.00024771
0.00024722
0.00025077
0.00024553
0.00047833
0.00024701
0.00046086
0.00024254
0.00024193
0.00024099
0.00045558
0.00024216
0.00024064
0.00024580
0.00045473
0.00024781
0.00024180
0.00024209
0.00025446
0.00023978
0.00024144
0.00023509
0.00028006
0.00023465
0.00023623
0.00046486
0.00024325
0.00024334
0.00024268
0.00049655
0.00023360
0.00023518
0.00044666
0.00023610
0.00023494
0.00023579
0.00023378
0.00023658
0.00024334
0.00023636
0.00023415
0.00024322
0.00024796
0.00024353
0.00024319
0.00024102
0.00049618
0.00024070
0.00045314
0.00023662
0.00023611
0.00023422
0.00047833
0.00024628
0.00024826
0.00024315
0.00024122
0.00024141
0.00024193
0.00045912
0.00024093
0.00024300
0.00024353
0.00024210
0.00024179
0.00045598
0.00023633
0.00023649
0.00024039
0.00023679
0.00023774
0.00025682
0.00024129
0.00024223
0.00046043
0.00045319
0.00023682
0.00025375
0.00025475
0.00026263
0.00025091
0.00025467
0.00024840
0.00024949
0.00024783
0.00025200
0.00024704
0.00024755
0.00024879
0.00024341
0.00045609
0.00024204
0.00024146
0.00028842
0.00024216
0.00024139
0.00024408
0.00024526
0.00024283
0.00024216
0.00028308
0.00024241
0.00025217
0.00023522
0.00023515
0.00025095
0.00023679
0.00023482
0.00024053
0.00023908
0.00025171
0.00024114
0.00024054
0.00024863
0.00024145
0.00024177
0.00024555
0.00023976
0.00024315
0.00024402
0.00023975
0.00024290
0.00024304
0.00023997
0.00024056
0.00024303
0.00024079
0.00023666
0.00023620
0.00023617
0.00023591
0.00024345
0.00024009
0.00024513
0.00024353
0.00024049
0.00024151
0.00024324
0.00024063
0.00028437
0.00024472
0.00024163
0.00024287
0.00026424
0.00023384
0.00023829
0.00025959
0.00024027
0.00024353
0.00024200
0.00023888
0.00024207
0.00024275
0.00024197
0.00024219
0.00024065
0.00024087
0.00024210
0.00024293
0.00028944
0.00024364
0.00024145
0.00024256
0.00024448
0.00023890
0.00025459
0.00023942
0.00023893
0.00030328
0.00024283
0.00024328
0.00024318
0.00024337
0.00024298
0.00024088
0.00024227
0.00024859
0.00024262
0.00024418
0.00024293
0.00046943
0.00024236
0.00024402
0.00024011
0.00024217
0.00024261
0.00024021
0.00024140
0.00024360
0.00024169
0.00024057
0.00024319
0.00024041
0.00024498
0.00024167
0.00024115
0.00029022
0.00023519
0.00023387
0.00024978
0.00024188
0.00024024
0.00024349
0.00024298
0.00045684
0.00024573
0.00024286
0.00024413
0.00024347
0.00024337
0.00028732
0.00026695
0.00025009
0.00025204
0.00025065
0.00047069
0.00000000
0.00000000
0.00000000
0.00000000
0.00027882
0.00022656
0.00022150
0.00022299
0.00022103
0.00026732
0.00021976
0.00060973
0.00043044
0.00061612
0.00022232
0.00022221
0.00041876
0.00022738
0.00041517
0.00041385
0.00041797
0.00022124
0.00042443
0.00060499
0.00041283
0.00026558
0.00021607
0.00058987
0.00058832
0.00023166
0.00040465
0.00098464
0.00042924
0.00021565
0.00042196
0.00041386
0.00041120
0.00065406
0.00041214
0.00021457
0.00063440
0.00094447
0.00021508
0.00022699
0.00042472
0.00041345
0.00041271
0.00060930
0.00139116
0.00021516
0.00058676
0.00061623
0.00041356
0.00041232
0.00064335
0.00022118
0.00041755
0.00041390
0.00041372
0.00026270
0.00041448
0.00022121
0.00044779
0.00021663
0.00040513
0.00029591
0.00022431
0.00046192
0.00022199
0.00042757
0.00022340
0.00022183
0.00042662
0.00022166
0.00022031
0.00022205
0.00041760
0.00022164
0.00022894
0.00022664
0.00027242
0.00027821
0.00027322
0.00022962
0.00158322
0.00022784
0.00000000
0.00000000
0.00000000
0.00000000
0.00037328
0.00020177
0.00024988
0.00020021
0.00037217
0.00037155
0.00023228
0.00054207
0.00020020
0.00019299
0.00056685
0.00067876
0.00019234
0.00019624
0.00019456
0.00036063
0.00052411
0.00019478
0.00052657
0.00051947
0.00019471
0.00072263
0.00055134
0.00050893
0.00020419
0.00050892
0.00035377
0.00050627
0.00052976
0.00018905
0.00034971
0.00018980
0.00052150
0.00019407
0.00054493
0.00019728
0.00020269
0.00052710
