0.00032190
0.00054388
0.00035139
0.00119845
0.00174737
0.00049553
0.00097100
0.00025779
0.00025506
0.00026320
0.00090230
0.00032754
0.00027763
0.00026468
0.00030807
0.00075498
0.00154689
0.00045996
0.00162796
0.00026319
0.00026443
0.00025375
0.00025495
0.00025868
0.00025583
0.00025562
0.00070055
0.00089143
0.00027615
0.00029397
0.00024201
0.00024427
0.00025179
0.00044534
0.00030932
0.00027446
0.00051028
0.00068943
0.00047609
0.00026472
0.00025700
0.00025713
0.00025626
0.00024633
0.00023956
0.00024553
0.00024200
0.00024752
0.00024296
0.00024992
0.00045877
0.00068017
0.00050873
0.00046737
0.00044635
0.00045790
0.00029299
0.00024279
0.00025752
0.00026896
0.00024671
0.00025238
0.00046692
0.00024850
0.00024848
0.00066387
0.00025014
0.00028582
0.00047038
0.00043159
0.00117092
0.00042859
0.00029052
0.00027503
0.00026721
0.00026256
0.00026287
0.00070130
0.00025586
0.00024702
0.00086305
0.00080829
0.00025294
0.00048963
0.00025703
0.00025059
0.00025528
0.00024267
0.00025097
0.00130009
0.00039083
0.00025218
0.00024999
0.00025281
0.00024854
0.00025095
0.00112885
0.00085776
0.00024916
0.00025475
0.00046145
0.00024604
0.00046113
0.00026247
0.00067701
0.00045367
0.00051603
0.00025041
0.00024953
0.00047030
0.00087968
0.00072463
0.00094908
0.00026396
0.00094688
0.00069335
0.00069451
0.00042315
0.00000000
0.00000000
0.00000000
0.00000000
0.00030661
0.00069767
0.00023917
0.00024566
0.00086021
0.00046093
0.00024857
0.00109036
0.00065818
0.00031646
0.00026499
0.00030918
0.00053467
0.00049402
0.00100845
0.00048697
0.00025032
0.00025097
0.00067780
0.00025815
0.00024732
0.00066071
0.00141087
0.00105745
0.00024978
0.00024680
0.00050744
0.00102877
0.00088688
0.00025215
0.00165029
0.00046832
0.00047186
0.00024643
0.00024805
0.00039860
0.00024929
0.00035991
0.00025147
0.00026881
0.00071194
0.00056380
0.00041320
0.00096291
0.00180105
0.00099052
0.00000000
0.00000000
0.00000000
0.00000000
0.00040235
0.00137322
0.00086439
0.00042180
0.00072620
0.00028745
0.00025240
0.00025423
0.00045705
0.00041141
0.00090738
0.00048087
0.00045006
0.00086452
0.00024038
0.00025773
0.00024094
0.00024806
0.00046045
0.00046030
0.00065096
0.00024562
0.00043748
0.00040011
0.00024839
0.00029989
0.00025414
0.00024804
0.00024776
0.00072221
0.00044689
0.00067588
0.00090593
0.00050143
0.00029043
0.00050173
0.00069182
0.00027961
0.00025181
0.00027473
0.00025737
0.00025498
0.00042698
0.00060999
0.00025125
0.00024854
0.00024972
0.00108817
0.00032096
0.00050441
0.00026206
0.00033889
0.00030946
0.00030533
0.00027483
0.00030425
0.00030619
0.00048528
0.00025607
0.00043964
0.00063555
0.00026428
0.00024141
0.00044936
0.00188670
0.00043963
0.00000000
0.00000000
0.00000000
0.00000000
0.00044704
0.00086248
0.00061350
0.00049890
0.00043506
0.00184104
0.00102241
0.00024767
0.00024753
0.00075238
0.00047652
0.00065898
0.00047310
0.00046089
0.00087680
0.00024287
0.00025038
0.00046206
0.00065230
0.00068889
0.00066974
0.00045912
0.00039666
0.00085833
0.00127491
0.00068066
0.00045927
0.00067068
0.00116549
0.00066807
0.00048255
0.00198379
0.00130556
0.00024417
0.00092938
0.00042884
0.00040326
0.00042372
0.00041086
0.00042155
0.00040072
0.00042525
0.00046503
0.00065809
0.00041900
0.00025634
0.00048748
0.00033519
0.00221679
0.00026181
0.00036583
0.00047339
0.00024748
0.00040511
0.00025264
0.00048775
0.00294752
0.00024432
0.00091093
0.00069676
0.00066727
0.00069600
0.00072339
0.00133966
0.00068434
0.00169348
0.00102623
0.00067325
0.00046041
0.00045804
0.00066925
0.00045065
0.00039651
0.00064316
0.00039932
0.00046528
0.00025013
0.00049576
0.00047293
0.00024717
0.00025081
0.00074896
0.00040411
0.00073851
0.00059516
0.00049506
0.00025797
0.00088270
0.00067764
0.00133601
0.00129376
0.00024859
0.00088753
0.00025080
0.00026024
0.00088703
0.00049722
0.00046967
0.00047967
0.00067196
0.00047914
0.00088127
0.00000000
0.00000000
0.00000000
0.00000000
0.00029413
0.00024086
