0.01967055
0.00313679
0.00300453
0.00293332
0.00306245
0.00316471
0.00311831
0.00294195
0.00278084
0.00274697
0.00278925
0.00303320
0.00294482
0.00274431
0.00278240
0.00274590
0.00296300
0.00294823
0.00277503
0.00282846
0.00281692
0.00288256
0.00303062
0.00305290
0.00291737
0.00283403
0.00292755
0.00291622
0.00290584
0.00290939
0.00304758
0.00288788
0.00293142
0.00293108
0.00285829
0.00285237
0.00294264
0.00283219
0.00288486
0.00293221
0.00289624
0.00290511
0.00292228
0.00286080
0.00292598
0.00290857
0.00291475
0.00286993
0.00282202
0.00294851
0.00282917
0.00291698
0.00286651
0.00282916
0.00289663
0.00289240
0.00289859
0.00287404
0.00281120
0.00295158
0.00281708
0.00283957
0.00290441
0.00289780
0.00284116
0.00292095
0.00290292
0.00290500
0.00289750
0.00282931
0.00295529
0.00290068
0.00000000
0.00000000
0.00000000
0.00000000
0.01875605
0.00303099
0.00287481
0.00292116
0.00289955
0.00283055
0.00294134
0.00289389
0.00281073
0.00290314
0.00289204
0.00280807
0.00281796
0.00288632
0.00289719
0.00280985
0.00280956
0.00288453
0.00289142
0.00281923
0.00289796
0.00288033
0.00000000
0.00000000
0.00000000
0.00000000
0.01877207
0.00307981
0.00293388
0.00290339
0.00282030
0.00286381
0.00290837
0.00291821
0.00285868
0.00281773
0.00291742
0.00287076
0.00281698
0.00294435
0.00283347
0.00290771
0.00290772
0.00282449
0.00289969
0.00290486
0.00289808
0.00282328
0.00289764
0.00290435
0.00290883
0.00289651
0.00284933
0.00294603
0.00289194
0.00281901
0.00293707
0.00288975
0.00287606
0.00281403
0.00292734
0.00285439
0.00281653
0.00294852
0.00288736
0.00281448
0.00283361
0.00294274
0.00289547
0.00290819
0.00283856
0.00294080
0.00295680
0.00284719
0.00282241
0.00300163
0.00297360
0.00290156
0.00281090
0.00293789
0.00303155
0.00293505
0.00290182
0.00286027
0.00292930
0.00290606
0.00289963
0.00281432
0.00292202
0.00284017
0.00293684
0.00286046
0.00283575
0.00290347
0.00288540
0.00290898
0.00288833
0.00291207
0.00288850
0.00289898
0.00287073
0.00282408
0.00296706
0.00285059
0.00281155
0.00293775
0.00290347
0.00286826
0.00283036
0.00288535
0.00282939
0.00295832
0.00282084
0.00282995
0.00293693
0.00290369
0.00290722
0.00287277
0.00281711
0.00297634
0.00291045
0.00287437
0.00282325
0.00293398
0.00289304
0.00288925
0.00285210
0.00294295
0.00284430
0.00294650
0.00286296
0.00290642
0.00309333
0.00295956
0.00289949
0.00299872
0.00292764
0.00291506
0.00290827
0.00305396
0.00318954
0.00292485
0.00286826
0.00287085
0.00282628
0.00289363
0.00294998
0.00290595
0.00290043
0.00290454
0.00290394
0.00284507
0.00290062
0.00293202
0.00291796
0.00291328
0.00291736
0.00291580
0.00283770
0.00295781
0.00291306
0.00292251
0.00281724
0.00296613
0.00000000
0.00000000
0.00000000
0.00000000
0.01843449
0.00306461
0.00293564
0.00285517
0.00292524
0.00289721
0.00285254
0.00281209
0.00289279
0.00288988
0.00289950
0.00283616
0.00293652
0.00281266
0.00281650
0.00291635
0.00290248
0.00280798
0.00290490
0.00289506
0.00292094
0.00283795
0.00290900
0.00289364
0.00289430
0.00281495
0.00290234
0.00291206
0.00284568
0.00290220
0.00289188
0.00289788
0.00283144
0.00285700
0.00290271
0.00288935
0.00297842
0.00287838
0.00292525
0.00285941
0.00291625
0.00287318
0.00285316
0.00288638
0.00290000
0.00285142
0.00282733
0.00294412
0.00289719
0.00289309
0.00291597
0.00290712
0.00286607
0.00281361
0.00294500
0.00289969
0.00289603
0.00290378
0.00290044
0.00291111
0.00290673
0.00289841
0.00290689
0.00291473
0.00281269
0.00287779
0.00301073
0.00305193
0.00291157
0.00292305
0.00289464
0.00291092
0.00289331
0.00292454
0.00297917
0.00298152
0.00298066
0.00297232
0.00297556
0.00298467
0.00308205
0.00297528
0.00298664
0.00307906
0.00306580
0.00295799
0.00307570
0.00307968
0.00307540
0.00306855
0.00307252
0.00306099
0.00307468
0.00307329
0.00308684
0.00307287
0.00316199
0.00317236
0.00318241
0.00316983
0.00317194
0.00317289
0.00318141
0.00317180
0.00317523
0.00317296
0.00317656
0.00314638
0.00317179
0.00316793
0.00329424
0.00338215
0.00328869
0.00330218
0.00327400
0.00327731
0.00327271
0.00326519
0.00327213
0.00325980
0.00327302
0.00327132
0.00327564
0.00328740
0.00327496
0.00327195
0.00328158
0.00326436
0.00326261
0.00325962
0.00327704
0.00335986
0.00338345
0.00338030
0.00340873
0.00337936
0.00338017
0.00338130
0.00339243
0.00337963
0.00338757
0.00338016
0.00338935
0.00337431
0.00338892
0.00338062
0.00338591
0.00337656
0.00338844
0.00337667
0.00337862
0.00337551
0.00338305
0.00337713
0.00338877
0.00339325
0.00341782
0.00345610
0.00350053
0.00349724
0.00351040
0.00349577
0.00350589
0.00348960
0.00349599
0.00349546
0.00350254
0.00350345
0.00350543
0.00349082
0.00350690
