0.00029067
0.00026425
0.00026127
0.00025968
0.00026914
0.00031408
0.00026053
0.00026026
0.00026003
0.00026011
0.00074245
0.00055261
0.00032523
0.00028544
0.00051348
0.00050574
0.00027031
0.00051831
0.00031730
0.00027653
0.00028022
0.00026778
0.00030587
0.00026789
0.00027175
0.00027002
0.00075604
0.00050640
0.00054742
0.00050766
0.00026850
0.00029675
0.00051702
0.00050307
0.00125736
0.00026835
0.00050637
0.00080497
0.00051107
0.00053703
0.00031030
0.00051039
0.00074308
0.00054941
0.00050983
0.00050675
0.00029607
0.00050761
0.00026768
0.00026873
0.00074327
0.00050541
0.00026926
0.00049584
0.00025986
0.00026103
0.00026051
0.00026207
0.00026158
0.00026294
0.00026837
0.00078995
0.00072713
0.00048443
0.00074922
0.00048372
0.00051482
0.00048292
0.00025426
0.00049839
0.00025974
0.00026011
0.00049353
0.00026890
0.00095035
0.00099750
0.00097233
0.00093064
0.00025480
0.00144929
0.00026209
0.00026089
0.00026237
0.00026252
0.00051742
0.00049546
0.00049930
0.00075736
0.00049176
0.00073016
0.00049197
0.00072250
0.00094915
0.00029635
0.00075526
0.00072254
0.00049542
0.00052839
0.00049329
0.00049006
0.00026150
0.00027762
0.00026019
0.00026194
0.00120456
0.00072766
0.00072087
0.00072249
0.00056089
0.00051788
0.00100640
0.00099966
0.00048105
0.00053892
0.00071862
0.00049381
0.00026380
0.00026753
0.00026963
0.00049801
0.00049452
0.00072430
0.00049632
0.00049583
0.00049992
0.00049598
0.00097228
0.00026265
0.00049680
0.00049486
0.00049860
0.00072759
0.00049417
0.00049847
0.00049442
0.00026053
0.00075114
0.00049547
0.00053543
0.00026180
0.00026194
0.00026128
0.00026212
0.00028201
0.00025949
0.00026190
0.00026867
0.00050456
0.00026902
0.00072921
0.00071993
0.00072455
0.00049436
0.00049321
0.00050069
0.00026039
0.00049513
0.00049857
0.00026251
0.00026113
0.00026389
0.00049688
0.00050756
0.00026964
0.00050664
0.00050460
0.00025540
0.00026215
0.00026245
0.00049560
0.00049615
0.00049246
0.00026127
0.00049628
0.00049578
0.00049692
0.00073247
0.00049390
0.00073685
0.00049656
0.00074667
0.00074371
0.00050768
0.00070502
0.00031824
0.00049547
0.00049202
0.00049416
0.00026062
0.00025947
0.00026351
0.00026169
0.00026086
0.00026888
0.00026939
0.00026590
0.00026703
0.00026856
0.00026533
0.00050769
0.00055010
0.00049166
0.00049591
0.00073415
0.00026023
0.00026129
0.00049408
0.00026139
0.00025960
0.00026321
0.00026095
0.00025963
0.00049470
0.00027049
0.00051021
0.00048395
0.00026046
0.00026270
0.00026108
0.00026098
0.00026246
0.00049494
0.00139402
0.00049694
0.00235879
0.00076484
0.00049410
0.00072734
0.00071972
0.00075025
0.00100005
0.00049174
0.00049478
0.00117474
0.00122154
0.00092817
0.00049305
0.00025995
0.00026084
0.00027960
0.00027991
0.00049567
0.00072322
0.00052231
0.00094962
0.00098800
0.00097029
0.00074255
0.00074562
0.00096863
0.00099143
0.00094610
0.00025919
0.00026142
0.00076021
0.00101666
0.00076124
0.00072148
0.00072303
0.00099381
0.00100092
0.00072086
0.00049325
0.00094721
0.00049461
0.00049421
0.00072795
0.00054428
0.00048694
0.00048123
0.00116970
0.00095041
0.00094604
0.00052008
0.00072150
0.00075046
0.00072199
0.00094552
0.00095484
0.00076343
0.00071980
0.00072373
0.00094282
0.00072711
0.00072118
0.00049048
0.00049615
0.00074383
0.00049484
0.00049276
0.00049390
0.00049084
0.00094727
0.00049334
0.00050329
0.00074655
0.00049732
0.00077566
0.00103409
0.00099243
0.00026020
0.00072100
0.00050040
