0.02693945
0.00429461
0.00424034
0.00418121
0.00419308
0.00417974
0.00418541
0.00418772
0.00418452
0.00418739
0.00418615
0.00417593
0.00418290
0.00418260
0.00417841
0.00418160
0.00418742
0.00418127
0.00418839
0.00417689
0.00429772
0.00433466
0.00434068
0.00433311
0.00433840
0.00433534
0.00438904
0.00433025
0.00433631
0.00433015
0.00433549
0.00433929
0.00433854
0.00433414
0.00434103
0.00433275
0.00434839
0.00432548
0.00435335
0.00432446
0.00433640
0.00433068
0.00433921
0.00432563
0.00433711
0.00433781
0.00434293
0.00433045
0.00433402
0.00432991
0.00433551
0.00434007
0.00443226
0.00433085
0.00433704
0.00433170
0.00432454
0.00433453
0.00434082
0.00438403
0.00437553
0.00437435
0.00438915
0.00436004
0.00435502
0.00446072
0.00438397
0.00433908
0.00434722
0.00433137
0.00446264
0.00451349
0.00450953
0.00449602
0.00451596
0.00449893
0.00449484
0.00450545
0.00452107
0.00451053
0.00449743
0.00448709
0.00451643
0.00449457
0.00450417
0.00450583
0.00450124
0.00449954
0.00450178
0.00449586
0.00451925
0.00449183
0.00450530
0.00450632
0.00450566
0.00449168
0.00451494
0.00448470
0.00450565
0.00448727
0.00449561
0.00451515
0.00450017
0.00449068
0.00451808
0.00449629
0.00450324
0.00450138
0.00450014
0.00448788
0.00448602
0.00449293
0.00453739
0.00452819
0.00450059
0.00450485
0.00450060
0.00450201
0.00449489
0.00448843
0.00451488
0.00450121
0.00456390
0.00450834
0.00451136
0.00449176
0.00451718
0.00450157
0.00000000
0.00000000
0.00000000
0.00000000
0.01689803
0.00266403
0.00266292
0.00264591
0.00266021
0.00266928
0.00266033
0.00264850
0.00266264
0.00266356
0.00266591
0.00264962
0.00265597
0.00266663
0.00266130
0.00267203
0.00268156
0.00270438
0.00000000
0.00000000
0.00000000
0.00000000
0.01682115
0.00266613
0.00269034
0.00266364
0.00264607
0.00265450
0.00265513
0.00265338
0.00265044
0.00266560
0.00264280
0.00265766
0.00265194
0.00270738
0.00270492
0.00267146
0.00266105
0.00266908
0.00267017
0.00266642
0.00267650
0.00271645
0.00274691
0.00268227
0.00267312
0.00267191
0.00266958
0.00266445
0.00267211
0.00266642
0.00266265
0.00266818
0.00265729
0.00266281
0.00266045
0.00266192
0.00265530
0.00266890
0.00265141
0.00266661
0.00273526
0.00269303
0.00266594
0.00269358
0.00265492
0.00264967
0.00265417
0.00265419
0.00264848
0.00265639
0.00265215
0.00265118
0.00267338
0.00266404
0.00266906
0.00267442
0.00266788
0.00267048
0.00266815
0.00266259
0.00266804
0.00266626
0.00266140
0.00266311
0.00266426
0.00267352
0.00266402
0.00266356
0.00266990
0.00265704
0.00266085
0.00266633
0.00266173
0.00266202
0.00266189
0.00265051
0.00266250
0.00265341
0.00265571
0.00265489
0.00265368
0.00265049
0.00264791
0.00265364
0.00265496
0.00266871
0.00266971
0.00267855
0.00267516
0.00265600
0.00264781
0.00268129
0.00266369
0.00267288
0.00266697
0.00266911
0.00265483
0.00267249
0.00266864
0.00266845
0.00266563
0.00266958
0.00265837
0.00266084
0.00267175
0.00265965
0.00266633
0.00266505
0.00265927
0.00265856
0.00262872
0.00265728
0.00265079
0.00265351
0.00264686
0.00265300
0.00264970
0.00265252
0.00265321
0.00264812
0.00264658
0.00268938
0.00266618
0.00266260
0.00266375
0.00267124
0.00266695
0.00267209
0.00266412
0.00267152
0.00266652
0.00267071
0.00265792
0.00266895
0.00265885
0.00266035
0.00266680
0.00267047
0.00265801
0.00266602
0.00267278
0.00267081
0.00265851
0.00266760
0.00266094
0.00266418
0.00266420
0.00266409
0.00266315
0.00265516
0.00264745
0.00265551
0.00265109
0.00265625
0.00265252
0.00265514
0.00264526
0.00265664
0.00264910
0.00268044
0.00269354
0.00266029
0.00264796
0.00266683
0.00266198
0.00267301
0.00266830
0.00267116
0.00266755
0.00266397
0.00267107
0.00266678
0.00267061
0.00266308
0.00266103
0.00266834
0.00267320
0.00266660
0.00266994
0.00266074
0.00265910
0.00266702
0.00266668
0.00266225
0.00266459
0.00266332
0.00266323
0.00266377
0.00266826
0.00266433
0.00265844
0.00265994
0.00265791
0.00265795
0.00265537
0.00265062
0.00265706
0.00265723
0.00266984
0.00265554
0.00265410
0.00265449
0.00265380
0.00265266
0.00265105
0.00265151
0.00265083
0.00265396
0.00265322
0.00265384
0.00265499
0.00265576
0.00264938
0.00265985
0.00266681
0.00266363
0.00265966
0.00266983
0.00266198
0.00266484
0.00266209
0.00266453
0.00266055
0.00266309
0.00266550
0.00267327
0.00266306
0.00266365
0.00266500
0.00266256
0.00266899
0.00266832
0.00265947
0.00266520
0.00265689
0.00266060
0.00266507
0.00265928
0.00267252
0.00266752
0.00265836
0.00266367
0.00267089
0.00265692
0.00266136
0.00000000
0.00000000
0.00000000
0.00000000
0.01222698
0.00196190
0.00195082
0.00195069
0.00193976
0.00194223
0.00194420
0.00195128
0.00194431
0.00195503
0.00196053
0.00194502
0.00194783
0.00195279
0.00195088
0.00195694
0.00194386
0.00194771
0.00194900
0.00195735
0.00195455
0.00195375
0.00193835
0.00198068
0.00198302
0.00196608
0.00194876
0.00195743
0.00194285
0.00194509
0.00194073
0.00194759
0.00194922
0.00195710
0.00193760
0.00194827
0.00193925
0.00194926
0.00194432
0.00195396
0.00194124
0.00194230
0.00193782
0.00194994
0.00194710
0.00195640
0.00194102
0.00194067
0.00194525
0.00195365
0.00195529
0.00197226
0.00193815
0.00194580
0.00194050
0.00195341
0.00196192
0.00195525
0.00193507
0.00194206
0.00194365
0.00195625
0.00194911
0.00195824
0.00194332
0.00194363
0.00194417
0.00195004
0.00194548
0.00195801
0.00193714
0.00194104
0.00194813
0.00204916
0.00198649
0.00196184
0.00193546
0.00196211
0.00194112
0.00195089
0.00195469
0.00195803
0.00195137
0.00193963
0.00193881
0.00194943
0.00194751
0.00196562
0.00193955
0.00196936
0.00195306
0.00194451
0.00197709
0.00196128
0.00195366
0.00194155
0.00195591
0.00194234
0.00194558
0.00195691
0.00195272
0.00195771
0.00193971
0.00194277
0.00195065
0.00195788
0.00195097
0.00191549
0.00194432
0.00194873
0.00195186
0.00195895
0.00195223
0.00195974
0.00194427
0.00194056
0.00194731
0.00194859
0.00194814
0.00194415
0.00195399
0.00194159
0.00195163
0.00195741
0.00195550
0.00195112
0.00194075
0.00194009
0.00194838
0.00195532
0.00196734
0.00193982
0.00193745
0.00195831
0.00194067
0.00195120
0.00195565
0.00195496
0.00194082
0.00194078
0.00193924
0.00195672
0.00194922
0.00195526
0.00195260
0.00194452
0.00193771
0.00195181
0.00195378
0.00196732
0.00194268
0.00193891
0.00194255
0.00195362
0.00195250
0.00194473
0.00194160
0.00193636
0.00195347
0.00000000
0.00000000
0.00000000
0.00000000
0.02147767
0.00346551
0.00345094
0.00346977
0.00344347
0.00344966
0.00345453
0.00346606
0.00344786
0.00344552
0.00343290
0.00344826
0.00345190
0.00344854
0.00344351
0.00344267
0.00344800
0.00344928
0.00344903
0.00343594
0.00344819
0.00345190
0.00344270
0.00346593
0.00344487
0.00343866
0.00345941
0.00345175
0.00343760
0.00344355
0.00344201
