0.02104653
0.00271155
0.00265246
0.00256745
0.00255909
0.00257393
0.00254949
0.00257651
0.00254998
0.00257358
0.00254973
0.00256630
0.00253929
0.00263541
0.00265332
0.00265930
0.00267051
0.00266181
0.00263312
0.00265753
0.00263580
0.00266562
0.00263929
0.00266244
0.00264967
0.00264702
0.00264561
0.00265809
0.00263786
0.00265215
0.00265105
0.00265422
0.00264526
0.00266948
0.00267519
0.00266142
0.00265589
0.00267048
0.00263478
0.00267604
0.00263555
0.00265433
0.00264261
0.00266038
0.00264236
0.00265204
0.00264912
0.00266866
0.00266124
0.00266090
0.00264336
0.00265042
0.00264564
0.00266137
0.00264684
0.00265721
0.00263587
0.00265905
0.00263399
0.00266589
0.00264529
0.00264087
0.00264570
0.00264881
0.00265568
0.00265424
0.00264084
0.00265353
0.00264819
0.00264952
0.00264190
0.00265971
0.00263291
0.00266221
0.00263352
0.00266377
0.00263941
0.00266234
0.00264674
0.00265946
0.00264703
0.00265651
0.00267525
0.00265663
0.00264721
0.00265774
0.00264732
0.00266021
0.00264069
0.00265605
0.00263056
0.00265543
0.00263746
0.00266042
0.00263566
0.00265745
0.00264512
0.00265830
0.00263994
0.00265171
0.00280262
0.00268844
0.00265070
0.00265875
0.00264686
0.00263236
0.00264083
0.00267061
0.00263372
0.00266212
0.00263563
0.00265715
0.00263206
0.00266290
0.00264197
0.00265569
0.00266288
0.00267341
0.00264775
0.00265692
0.00271840
0.00266120
0.00265530
0.00265765
0.00263853
0.00266545
0.00263066
0.00266193
0.00263870
0.00267100
0.00263804
0.00276200
0.00262781
0.00265114
0.00265764
0.00265679
0.00264288
0.00264948
0.00264589
0.00263642
0.00266650
0.00265965
0.00265377
0.00266046
0.00263572
0.00266214
0.00263423
0.00267092
0.00263470
0.00266507
0.00264662
0.00269543
0.00265653
0.00265609
0.00265342
0.00265487
0.00264731
0.00265422
0.00265095
0.00266282
0.00265720
0.00272769
0.00273788
0.00276065
0.00273509
0.00274044
0.00273390
0.00276606
0.00272978
0.00282503
0.00290017
0.00277052
0.00273297
0.00277458
0.00273637
0.00275893
0.00273299
0.00275708
0.00273657
0.00276403
0.00273602
0.00275952
0.00275423
0.00276302
0.00274206
0.00279918
0.00275957
0.00278653
0.00273669
0.00276979
0.00274303
0.00275428
0.00273903
0.00274665
0.00274102
0.00275069
0.00274493
0.00276287
0.00274464
0.00275877
0.00274149
0.00276271
0.00273475
0.00286765
0.00280716
0.00276742
0.00279797
0.00277562
0.00273626
0.00276158
0.00283985
0.00275675
0.00274236
0.00276534
0.00273678
0.00274993
0.00274618
0.00273984
0.00274482
0.00274964
0.00274664
0.00273641
0.00275801
0.00276234
0.00274233
0.00276248
0.00273048
0.00276725
