0.00001058
0.00112108
0.00114961
0.00108393
0.00114677
0.00108401
0.00115533
0.00112489
0.00118611
0.00114257
0.00115472
0.00143402
0.00115911
0.00114827
0.00149367
0.00115513
0.00115435
0.00114305
0.00146245
0.00111395
0.00111558
0.00111239
0.00111560
0.00111524
0.00111764
0.00111224
0.00115177
0.00111217
0.00108693
0.00112551
0.00112673
0.00108454
0.00108280
0.00108432
0.00108217
0.00112400
0.00108219
0.00129400
0.00108343
0.00112739
0.00108261
0.00113391
0.00108143
0.00112731
0.00108170
0.00114326
0.00111398
0.00110435
0.00110172
0.00108322
0.00111567
0.00111015
0.00108275
0.00108372
0.00110606
0.00000000
0.00000000
0.00000000
0.00000000
0.00001073
0.00093102
0.00092767
0.00090804
0.00092388
0.00093181
0.00097737
0.00093148
0.00097714
0.00093127
0.00093055
0.00096422
0.00094753
0.00095202
0.00090675
0.00095323
0.00092847
0.00089854
0.00094823
0.00090760
0.00094365
0.00092548
0.00093129
0.00093144
0.00093463
0.00096540
0.00095177
0.00090781
0.00090703
0.00093828
0.00090716
0.00093141
0.00092946
0.00093684
0.00093007
0.00093553
0.00092988
0.00093594
0.00098030
0.00092736
0.00090620
0.00094008
0.00095991
0.00097479
0.00093031
0.00093094
0.00093082
0.00092502
0.00091108
0.00090838
0.00091195
0.00090699
0.00090679
0.00090832
0.00094841
0.00095830
0.00093028
0.00098498
0.00090896
0.00095512
0.00090677
0.00094988
0.00093056
0.00093644
0.00093088
0.00093154
0.00095477
0.00090763
0.00090692
0.00090749
0.00094622
0.00094788
0.00093591
0.00093130
0.00093418
0.00093108
0.00093461
0.00088466
0.00096116
0.00090801
0.00092990
0.00093150
0.00092994
0.00098912
0.00093232
0.00097103
0.00097349
0.00098091
0.00093034
0.00097229
0.00093735
0.00090763
0.00110096
0.00093139
0.00090629
0.00095484
0.00095207
0.00095894
0.00094656
0.00088372
0.00102211
0.00090848
0.00094689
0.00093110
0.00092966
0.00092651
0.00090666
0.00092961
0.00091972
0.00096454
0.00093636
0.00094716
0.00093122
0.00093162
0.00093042
0.00093157
0.00093119
0.00093153
0.00093090
0.00093129
0.00096463
0.00090761
0.00091148
0.00090755
0.00094937
0.00093238
0.00092979
0.00093146
0.00092725
0.00099312
0.00090705
0.00094572
0.00093039
0.00093689
0.00093027
0.00093148
0.00092995
0.00088520
0.00090818
0.00090776
0.00093440
0.00093122
0.00093463
0.00093083
0.00092946
0.00093134
0.00092937
0.00093045
0.00092971
0.00097004
0.00092957
0.00097186
0.00093914
0.00094862
0.00090663
0.00090748
0.00090704
0.00090711
0.00095112
0.00092202
0.00092595
0.00092291
0.00092212
0.00100796
0.00093197
0.00096586
0.00096095
0.00097867
0.00096249
0.00100714
0.00101637
0.00101830
0.00101691
0.00101810
0.00100989
0.00104535
0.00104111
0.00105973
0.00110466
0.00108190
0.00107214
0.00105665
0.00103226
0.00101715
0.00100794
0.00099139
0.00098559
0.00101624
0.00095709
0.00095739
0.00095689
0.00095710
0.00095644
0.00124417
0.00097632
0.00096298
0.00097106
0.00095732
0.00124759
0.00095956
0.00100596
0.00096009
0.00096744
0.00093231
0.00098758
0.00098363
0.00093096
0.00100950
0.00093122
0.00097665
0.00093038
0.00093648
0.00093045
0.00093152
0.00090696
0.00090784
0.00091175
0.00095266
0.00095770
0.00090883
0.00090679
0.00090847
0.00090648
0.00090808
0.00090639
0.00091315
0.00090651
0.00093146
0.00092724
0.00090801
0.00092186
0.00093167
0.00091029
0.00093534
0.00092890
0.00090791
0.00090707
0.00093180
0.00090737
0.00091224
0.00093005
0.00093697
0.00093116
0.00093190
