0.07297857
0.01164736
0.01160944
0.01200656
0.01176384
0.01165529
0.01169579
0.01163297
0.01161044
0.01166993
0.01164882
0.01160448
0.01169688
0.01166019
0.01160432
0.01162851
0.01160650
0.01160497
0.01160648
0.01176793
0.01166191
0.01165786
0.01162318
0.01161229
0.01162134
0.01162194
0.01164442
0.01161242
0.01161664
0.01161962
0.01161850
0.01163068
0.01161371
0.01162387
0.01169952
0.01165797
0.01163661
0.01162522
0.01161710
0.01161396
0.01162424
0.01171232
0.01178932
0.01162156
0.01163098
0.01160786
0.01161020
0.01160628
0.01162115
0.01171490
0.01175192
0.01165150
0.01164066
0.01163203
0.01161861
0.01171929
0.01159273
0.01163456
0.01161016
0.01161131
0.01160713
0.01160623
0.01165497
0.01162447
0.01170857
0.01168242
0.01162194
0.01163181
0.01161694
0.01161058
0.01161179
0.01161243
0.01176764
0.01176248
0.01162870
0.01162316
0.01161631
0.01161941
0.01160124
0.01167596
0.01214033
0.01181498
0.01166592
0.01163466
0.01161402
0.01161612
0.01161842
0.01182723
0.01177434
0.01165597
0.01163954
0.01160723
0.01160040
0.01169548
0.01163171
0.01175831
0.01163918
0.01161632
0.01161879
0.01162156
0.01162391
0.01163192
0.01161383
0.01161931
0.01163691
0.01161987
0.01161180
0.01158397
0.01163749
0.01163933
0.01172759
0.01163463
0.01162862
0.01162558
0.01163836
0.01161408
0.01161588
0.01162187
0.01161409
0.01163344
0.01160891
0.01162740
0.01162866
0.01163174
0.01163494
0.01174197
0.01174257
0.01166212
0.01162969
0.01161992
0.01160492
0.01163874
0.01188866
0.01219887
0.01206355
0.01205368
0.01204716
0.01204433
0.01204341
0.01205117
0.01223636
0.01205195
0.01203728
0.01205156
0.01206404
0.01208475
0.01204336
0.01218883
0.01220015
0.01206002
0.01203841
0.01205606
0.01198603
0.01163327
0.01172207
0.01166038
0.01164337
0.01161089
0.01161804
0.01162315
0.01162295
0.01161657
0.01162223
0.01175963
0.01164473
0.01163734
0.01161050
0.01161450
0.01165177
0.01174957
0.01168525
0.01163732
0.01161560
0.01159995
0.01161064
0.01163198
0.01161610
0.01183699
0.01172269
0.01186667
0.01223504
0.01231832
0.01212991
0.01203316
0.01215254
0.01212675
0.01205737
0.01205299
0.01204371
0.01204281
0.01206272
0.01205804
0.01203092
0.01204460
0.01203851
0.01207190
0.01204908
0.01205232
0.01206083
0.01212572
0.01218943
0.01205854
0.01204855
0.01204335
0.01174682
0.01163775
0.01164199
0.01161813
0.01162065
0.01162531
0.01160493
0.01162404
0.01162678
0.01169419
0.01166780
0.01163452
0.01161200
0.01162585
0.01162154
0.01162791
0.01163575
0.01193298
0.01174387
0.01166857
0.01186723
0.00000000
0.00000000
0.00000000
0.00000000
0.02806446
0.00437847
0.00437286
0.00432888
0.00435578
0.00433661
0.00432595
0.00433368
0.00435160
0.00433006
0.00432355
0.00432198
0.00431418
0.00432321
0.00431892
0.00431443
0.00435123
0.00432399
0.00441227
0.00452662
0.00447993
0.00448307
0.00452153
0.00451304
0.00447463
0.00447210
0.00446995
0.00449509
0.00447683
0.00447126
0.00446675
0.00448861
0.00447715
0.00458458
0.00445258
0.00448630
0.00462336
0.00450044
0.00450192
0.00449668
0.00447149
0.00448377
0.00448679
0.00450683
0.00447909
0.00447492
0.00446841
0.00448842
0.00446203
0.00447385
0.00448246
0.00447649
0.00447630
0.00447731
0.00448379
0.00447499
0.00447313
0.00447466
0.00447257
0.00447023
0.00447767
0.00448711
0.00446316
0.00447872
0.00448158
0.00448249
0.00447685
0.00447420
0.00475897
0.00447720
0.00447100
0.00449329
0.00448129
0.00447642
0.00447199
0.00448562
0.00445801
0.00446660
0.00448291
0.00447855
0.00448431
0.00446699
0.00448676
0.00447927
0.00464058
0.00454533
0.00449125
0.00450057
0.00447509
0.00447411
0.00446517
0.00448768
0.00446947
0.00447901
0.00447667
0.00446869
0.00447189
0.00447456
0.00448493
0.00447878
0.00460511
0.00449277
0.00452964
0.00452102
0.00449029
0.00447835
0.00446911
0.00448755
0.00449062
0.00447966
0.00447919
0.00447377
0.00447006
0.00449215
0.00446062
0.00446330
0.00448565
0.00447838
0.00447245
0.00447645
0.00447449
0.00447092
0.00446786
0.00447578
0.00447841
0.00446368
0.00448049
0.00447875
0.00446196
0.00447988
0.00447372
0.00449184
0.00447793
0.00464091
0.00449165
0.00449449
0.00447314
0.00449801
0.00448302
0.00448584
0.00447194
0.00445160
0.00447709
0.00447271
0.00447598
0.00447150
0.00446784
0.00443979
0.00448839
0.00448878
0.00451565
0.00472136
0.00451000
0.00448841
0.00447942
0.00448076
0.00447323
0.00446260
0.00446598
0.00448389
0.00446922
0.00446676
0.00447213
0.00446388
0.00448110
0.00448104
0.00452291
0.00448407
0.00447402
0.00447767
0.00448200
0.00448289
0.00448278
0.00447156
0.00447703
0.00446986
0.00447261
0.00446204
0.00447055
0.00448185
0.00446338
0.00448065
0.00486366
0.00456879
0.00454997
0.00451677
0.00448444
0.00447415
0.00447795
0.00447654
0.00447023
0.00446536
0.00447979
0.00448429
0.00447446
0.00456761
0.00447006
0.00445395
0.00464573
0.00448889
0.00446929
0.00448303
0.00446985
0.00448608
0.00447947
0.00446877
0.00447437
0.00446767
0.00447609
0.00446647
0.00447949
0.00447157
0.00444168
0.00447412
0.00448760
0.00448082
0.00446534
0.00447423
0.00446729
0.00447100
0.00447047
0.00447203
0.00447437
0.00447805
0.00446699
0.00448357
0.00447533
0.00446384
0.00447131
0.00447421
0.00448017
0.00462245
0.00449208
0.00444392
0.00447750
0.00445544
0.00448322
0.00448773
0.00446759
0.00447682
0.00447362
0.00447472
0.00447488
0.00447421
0.00447888
0.00446687
0.00447200
0.00448112
0.00447938
0.00446703
0.00446785
0.00447085
0.00446322
0.00447549
0.00447702
0.00447241
0.00446650
0.00446923
0.00448318
0.00448939
0.00445486
0.00447093
0.00447805
0.00448152
0.00451416
0.00447830
0.00473987
0.00459511
0.00448527
0.00449227
0.00447898
