0.00001310
0.00116621
0.00116272
0.00116652
0.00117847
0.00118177
0.00116338
0.00116521
0.00116009
0.00119818
0.00116847
0.00116073
0.00116101
0.00116676
0.00125011
0.00116645
0.00120288
0.00116122
0.00116107
0.00127793
0.00117619
0.00116177
0.00116009
0.00118321
0.00120000
0.00119932
0.00120432
0.00120293
0.00120375
0.00120753
0.00120035
0.00120217
0.00120568
0.00119991
0.00120072
0.00120126
0.00121382
0.00120001
0.00120448
0.00120398
0.00119925
0.00120090
0.00120460
0.00120016
0.00120043
0.00119978
0.00120676
0.00119947
0.00120055
0.00120686
0.00120087
0.00120141
0.00120480
0.00120609
0.00120007
0.00120005
0.00120484
0.00119949
0.00120030
0.00120071
0.00120584
0.00119929
0.00122158
0.00120917
0.00120168
0.00120113
0.00120514
0.00120425
0.00119936
0.00119949
0.00120503
0.00119948
0.00120128
0.00120088
0.00120563
0.00120001
0.00120010
0.00120563
0.00120012
0.00120087
0.00120190
0.00120565
0.00120019
0.00120000
0.00120700
0.00119985
0.00120087
0.00120415
0.00119957
0.00119972
0.00120065
0.00120602
0.00119953
0.00119991
0.00120623
0.00119892
0.00120107
0.00120713
0.00120215
0.00120197
0.00120943
0.00120035
0.00120045
0.00120047
0.00120675
0.00119994
0.00120097
0.00116455
0.00115927
0.00116010
0.00096338
0.00097567
0.00082634
0.00075859
0.00109182
0.00109094
0.00075845
0.00101200
0.00097319
0.00100096
0.00108646
0.00115995
0.00116167
0.00116539
0.00115992
0.00115973
0.00116751
0.00115908
0.00115883
0.00115835
0.00116554
0.00115951
0.00116099
0.00117876
0.00117470
0.00116087
0.00115978
0.00116691
0.00115944
0.00116016
0.00115979
0.00116510
0.00115923
0.00116024
0.00116476
0.00115937
0.00115965
0.00116572
0.00115974
0.00116023
0.00116078
0.00116439
0.00115904
0.00116012
0.00116547
0.00117590
0.00116599
0.00116895
0.00115982
0.00117260
0.00117531
0.00115919
0.00116093
0.00116705
0.00116054
0.00119538
0.00116869
0.00116010
0.00116127
0.00117846
0.00116469
0.00116154
