0.00000962
0.00299386
0.00297042
0.00326109
0.00327190
0.00313960
0.00320412
0.00351839
0.00315002
0.00316630
0.00316876
0.00312480
0.00317452
0.00324608
0.00316193
0.00311052
0.00297423
0.00304064
0.00305232
0.00308808
0.00304417
0.00306540
0.00297872
0.00296803
0.00297053
0.00297771
0.00306199
0.00305275
0.00303027
0.00297045
0.00297092
0.00284254
0.00282449
0.00278762
0.00246158
0.00244476
0.00242729
0.00246296
0.00245191
0.00000000
0.00000000
0.00000000
0.00000000
0.00000994
0.00188613
0.00188404
0.00173694
0.00173456
0.00174495
0.00173175
0.00173584
0.00173497
0.00173603
0.00172959
0.00174136
0.00174899
0.00173951
0.00173443
0.00177244
0.00173297
0.00174227
0.00000000
0.00000000
0.00000000
0.00000000
0.00000775
0.00227783
0.00227742
0.00227201
0.00252052
0.00228737
0.00227684
0.00227688
0.00225212
0.00225418
0.00232551
0.00240652
0.00211270
0.00203245
0.00203199
0.00202116
0.00210785
0.00203150
0.00206940
0.00203845
0.00207643
0.00000000
0.00000000
0.00000000
0.00000000
0.00000944
0.00083832
0.00079654
0.00079492
0.00079505
0.00077435
0.00077580
0.00077553
0.00078155
0.00077444
0.00077927
0.00077552
0.00082707
0.00077640
0.00077441
0.00077505
0.00000000
0.00000000
0.00000000
0.00000000
0.00000731
0.00060529
0.00060541
0.00060484
0.00060895
0.00060464
0.00060508
0.00060425
0.00060484
0.00060807
0.00060527
0.00060363
0.00060527
0.00060410
0.00060771
0.00060388
0.00060376
0.00060488
0.00060320
0.00060344
0.00060382
0.00060372
0.00060498
0.00060397
0.00060399
0.00060435
0.00060400
0.00060512
0.00060470
0.00060382
0.00060423
0.00060393
0.00060489
0.00060362
0.00060335
0.00060359
0.00060286
0.00061004
0.00060417
0.00060388
0.00000000
0.00000000
0.00000000
0.00000000
0.00000740
0.00067010
0.00066855
0.00067008
0.00066791
0.00066861
0.00066818
0.00067218
0.00066890
0.00066682
0.00066851
0.00066763
0.00067207
0.00000000
0.00000000
0.00000000
0.00000000
0.00000701
0.00067842
0.00068413
0.00067797
0.00067781
0.00067849
0.00069001
0.00068044
0.00067899
0.00068359
0.00067934
0.00067754
0.00067911
0.00000000
0.00000000
0.00000000
0.00000000
0.00000704
0.00093470
0.00090060
0.00089866
0.00089976
0.00089807
0.00090416
0.00089895
0.00090350
0.00089961
0.00090421
0.00089922
0.00089922
0.00089878
0.00089933
0.00089825
0.00089899
0.00090470
0.00089945
0.00073973
0.00079261
0.00078286
0.00082531
0.00077238
0.00075948
0.00075761
0.00069167
0.00074495
0.00074581
0.00087763
0.00087151
0.00087644
0.00090382
0.00089903
0.00089840
0.00089858
0.00089927
0.00090377
0.00074549
0.00074553
0.00074543
0.00074537
0.00078766
