0.00032429
0.00030091
0.00030498
0.00030512
0.00033803
0.00036730
0.00086847
0.00056326
0.00055024
0.00065689
0.00062539
0.00032921
0.00084012
0.00057038
0.00108240
0.00136088
0.00055692
0.00029481
0.00057008
0.00080946
0.00057720
0.00108316
0.00029662
0.00082621
0.00057257
0.00082491
0.00084113
0.00105539
0.00080793
0.00031748
0.00030136
0.00058288
0.00134932
0.00237671
0.00029299
0.00029802
0.00029829
0.00029897
0.00029774
0.00029703
0.00108587
0.00029442
0.00029805
0.00030007
0.00030311
0.00030056
0.00083282
0.00356830
0.00029246
0.00029947
0.00109640
0.00186305
0.00054894
0.00030740
0.00029454
0.00029471
0.00092330
0.00031689
0.00085042
0.00133730
0.00029541
0.00030307
0.00057482
0.00029876
0.00056977
0.00029993
0.00029972
0.00057085
0.00054909
0.00028822
0.00056644
0.00029697
0.00057499
0.00056646
0.00029689
0.00029805
0.00056413
0.00108953
0.00029542
0.00057116
0.00056380
0.00029735
0.00029782
0.00059288
0.00056271
0.00030163
0.00081324
0.00054972
0.00082437
0.00029876
0.00030056
0.00056808
0.00056808
0.00080445
0.00086149
0.00030524
0.00031302
0.00031120
0.00030262
0.00108650
0.00031422
0.00043411
0.00033282
0.00031068
0.00030146
0.00029375
0.00030027
0.00029124
0.00029723
0.00030023
0.00029768
0.00029997
0.00029867
0.00029655
0.00029871
0.00210322
0.00034597
0.00029657
0.00030049
0.00030003
0.00029799
0.00029843
0.00029936
0.00029999
0.00030054
0.00029752
0.00029836
0.00030243
0.00029902
0.00082592
0.00084129
0.00029069
0.00058717
0.00029571
0.00082641
0.00055203
0.00084343
0.00030444
0.00030202
0.00030178
0.00029817
0.00029909
0.00056452
0.00055983
0.00029820
0.00029895
0.00083300
0.00037821
0.00029274
0.00057644
0.00108334
0.00082572
0.00091521
0.00138834
0.00030171
0.00030237
0.00108577
0.00029970
0.00083592
0.00029617
0.00029439
0.00029799
0.00029896
0.00136137
0.00130677
0.00382959
0.00029032
0.00029837
0.00056858
0.00240982
0.00085095
0.00169473
0.00057247
0.00108541
0.00029688
0.00030210
0.00029885
0.00030091
0.00030308
0.00029982
0.00030196
0.00110027
0.00029906
0.00029671
0.00056902
0.00029264
0.00030058
0.00083660
0.00433158
0.00029337
0.00029914
0.00030445
0.00029506
0.00087687
0.00082625
0.00029264
0.00084910
0.00109238
0.00029677
0.00029739
0.00135187
0.00337656
0.00029458
0.00029461
0.00056678
0.00163064
0.00058954
0.00130619
0.00030297
0.00031969
0.00029859
0.00029779
0.00029859
0.00083341
0.00136648
0.00383060
0.00000000
0.00000000
0.00000000
0.00000000
0.00037099
0.00034948
0.00036647
0.00035512
0.00036152
0.00035019
0.00034499
0.00034670
