0.00929549
0.00141953
0.00140933
0.00135801
0.00136127
0.00140910
0.00150946
0.00144471
0.00143504
0.00135959
0.00135563
0.00148469
0.00135318
0.00139738
0.00145657
0.00139949
0.00136154
0.00135347
0.00150816
0.00140656
0.00135628
0.00135432
0.00139526
0.00135757
0.00135551
0.00139486
0.00189986
0.00142777
0.00157933
0.00155454
0.00157547
0.00147713
0.00143736
0.00141547
0.00139022
0.00142985
0.00141772
0.00144690
0.00140849
0.00140344
0.00138963
0.00139116
0.00136051
0.00157083
0.00135545
0.00000000
0.00000000
0.00000000
0.00000000
0.00807881
0.00120047
0.00123775
0.00115812
0.00115377
0.00119046
0.00128119
0.00124058
0.00119117
0.00000000
0.00000000
0.00000000
0.00000000
0.00830468
0.00122036
0.00119614
0.00118402
0.00126453
0.00123707
0.00125128
0.00000000
0.00000000
0.00000000
0.00000000
0.01052167
0.00156779
0.00156303
0.00156937
0.00155990
0.00154843
0.00156253
0.00159714
0.00155850
0.00162086
0.00155871
0.00156615
0.00161954
0.00158012
0.00156053
0.00174782
0.00156053
0.00156226
0.00156534
0.00162467
0.00155593
0.00158740
0.00156704
0.00156140
0.00156308
0.00161119
0.00167979
0.00157179
0.00156465
0.00161378
0.00160398
0.00160372
0.00000000
0.00000000
0.00000000
0.00000000
0.01647809
0.00246932
0.00237349
0.00237736
0.00237116
0.00237839
0.00244542
0.00244625
0.00244502
0.00000000
0.00000000
0.00000000
0.00000000
0.01128548
0.00167446
0.00165690
0.00170600
0.00169717
0.00164204
0.00168585
0.00170105
0.00166489
0.00161643
0.00161844
0.00168723
0.00166926
0.00165914
0.00174026
0.00170834
0.00162159
0.00166218
0.00166182
0.00171718
0.00167911
0.00162068
0.00169953
0.00166778
0.00165758
0.00161704
0.00165325
0.00166430
0.00165858
0.00166435
0.00167055
0.00177637
0.00165841
0.00172918
0.00167866
0.00161816
0.00166785
0.00166851
0.00374710
0.00292760
0.00262885
0.00000000
0.00000000
0.00000000
0.00000000
0.01106233
0.00168849
0.00165153
0.00158255
0.00164178
0.00166215
0.00164356
0.00158217
0.00158344
0.00158328
0.00157915
0.00158288
0.00154894
0.00164253
0.00158161
0.00163275
0.00154172
0.00158338
0.00175104
0.00163846
0.00157851
0.00158092
0.00158776
0.00158211
0.00162697
0.00162838
0.00162974
0.00157305
0.00162227
0.00158411
0.00159860
0.00161423
0.00167628
0.00159232
0.00157707
0.00161261
0.00160552
0.00158039
0.00178335
0.00182777
0.00175285
0.00171737
0.00162931
0.00162713
0.00162886
0.00163677
0.00162585
0.00157891
0.00159074
0.00167455
0.00165032
0.00162043
0.00161034
0.00000000
0.00000000
0.00000000
0.00000000
0.00944297
0.00149241
0.00143806
0.00146362
0.00148330
0.00153428
0.00144275
0.00145488
0.00140090
0.00146679
0.00143638
0.00143839
0.00144263
0.00145013
0.00140120
0.00149562
0.00143255
0.00136216
0.00140914
0.00143640
