1
339.00,220.00,25.00,60.00
339.00,220.00,25.00,60.00
339.00,220.00,25.00,60.00
339.00,220.00,25.00,60.00
339.00,220.00,25.00,60.00
339.00,220.00,25.00,60.00
339.00,220.00,25.00,60.00
339.00,220.00,25.00,60.00
339.00,220.00,25.00,60.00
339.00,220.00,25.00,60.00
339.00,220.00,25.00,60.00
339.00,220.00,25.00,60.00
2
0
0
0
0
1
318.00,213.00,25.00,60.00
318.00,213.00,25.00,60.00
318.00,213.00,25.00,60.00
318.00,213.00,25.00,60.00
318.00,213.00,25.00,60.00
318.00,213.00,25.00,60.00
318.00,213.00,25.00,60.00
318.00,213.00,25.00,60.00
318.00,213.00,25.00,60.00
318.00,213.00,25.00,60.00
318.00,213.00,25.00,60.00
318.00,213.00,25.00,60.00
318.00,213.00,25.00,60.00
2
0
0
0
0
1
373.00,191.00,25.00,60.00
373.00,191.00,25.00,60.00
373.00,191.00,25.00,60.00
373.00,191.00,25.00,60.00
373.00,191.00,25.00,60.00
373.00,191.00,25.00,60.00
373.00,191.00,25.00,60.00
373.00,191.00,25.00,60.00
373.00,191.00,25.00,60.00
373.00,191.00,25.00,60.00
373.00,191.00,25.00,60.00
373.00,191.00,25.00,60.00
373.00,191.00,25.00,60.00
373.00,191.00,25.00,60.00
373.00,191.00,25.00,60.00
373.00,191.00,25.00,60.00
373.00,191.00,25.00,60.00
373.00,191.00,25.00,60.00
373.00,191.00,25.00,60.00
373.00,191.00,25.00,60.00
373.00,191.00,25.00,60.00
373.00,191.00,25.00,60.00
373.00,191.00,25.00,60.00
373.00,191.00,25.00,60.00
373.00,191.00,25.00,60.00
373.00,191.00,25.00,60.00
373.00,191.00,25.00,60.00
373.00,191.00,25.00,60.00
373.00,191.00,25.00,60.00
373.00,191.00,25.00,60.00
373.00,191.00,25.00,60.00
373.00,191.00,25.00,60.00
373.00,191.00,25.00,60.00
373.00,191.00,25.00,60.00
373.00,191.00,25.00,60.00
373.00,191.00,25.00,60.00
373.00,191.00,25.00,60.00
373.00,191.00,25.00,60.00
373.00,191.00,25.00,60.00
373.00,191.00,25.00,60.00
373.00,191.00,25.00,60.00
373.00,191.00,25.00,60.00
373.00,191.00,25.00,60.00
373.00,191.00,25.00,60.00
373.00,191.00,25.00,60.00
373.00,191.00,25.00,60.00
373.00,191.00,25.00,60.00
373.00,191.00,25.00,60.00
373.00,191.00,25.00,60.00
373.00,191.00,25.00,60.00
373.00,191.00,25.00,60.00
373.00,191.00,25.00,60.00
373.00,191.00,25.00,60.00
373.00,191.00,25.00,60.00
373.00,191.00,25.00,60.00
373.00,191.00,25.00,60.00
373.00,191.00,25.00,60.00
373.00,191.00,25.00,60.00
373.00,191.00,25.00,60.00
373.00,191.00,25.00,60.00
373.00,191.00,25.00,60.00
373.00,191.00,25.00,60.00
373.00,191.00,25.00,60.00
373.00,191.00,25.00,60.00
373.00,191.00,25.00,60.00
373.00,191.00,25.00,60.00
373.00,191.00,25.00,60.00
373.00,191.00,25.00,60.00
373.00,191.00,25.00,60.00
373.00,191.00,25.00,60.00
373.00,191.00,25.00,60.00
373.00,191.00,25.00,60.00
373.00,191.00,25.00,60.00
373.00,191.00,25.00,60.00
373.00,191.00,25.00,60.00
373.00,191.00,25.00,60.00
373.00,191.00,25.00,60.00
373.00,191.00,25.00,60.00
373.00,191.00,25.00,60.00
373.00,191.00,25.00,60.00
373.00,191.00,25.00,60.00
373.00,191.00,25.00,60.00
373.00,191.00,25.00,60.00
373.00,191.00,25.00,60.00
373.00,191.00,25.00,60.00
373.00,191.00,25.00,60.00
373.00,191.00,25.00,60.00
373.00,191.00,25.00,60.00
373.00,191.00,25.00,60.00
373.00,191.00,25.00,60.00
373.00,191.00,25.00,60.00
373.00,191.00,25.00,60.00
373.00,191.00,25.00,60.00
373.00,191.00,25.00,60.00
373.00,191.00,25.00,60.00
373.00,191.00,25.00,60.00
373.00,191.00,25.00,60.00
373.00,191.00,25.00,60.00
373.00,191.00,25.00,60.00
373.00,191.00,25.00,60.00
373.00,191.00,25.00,60.00
373.00,191.00,25.00,60.00
373.00,191.00,25.00,60.00
373.00,191.00,25.00,60.00
373.00,191.00,25.00,60.00
2
0
0
0
0
1
497.00,143.00,25.00,60.00
497.00,143.00,25.00,60.00
497.00,143.00,25.00,60.00
497.00,143.00,25.00,60.00
497.00,143.00,25.00,60.00
497.00,143.00,25.00,60.00
497.00,143.00,25.00,60.00
497.00,143.00,25.00,60.00
497.00,143.00,25.00,60.00
497.00,143.00,25.00,60.00
497.00,143.00,25.00,60.00
497.00,143.00,25.00,60.00
497.00,143.00,25.00,60.00
497.00,143.00,25.00,60.00
497.00,143.00,25.00,60.00
497.00,143.00,25.00,60.00
497.00,143.00,25.00,60.00
497.00,143.00,25.00,60.00
497.00,143.00,25.00,60.00
497.00,143.00,25.00,60.00
497.00,143.00,25.00,60.00
497.00,143.00,25.00,60.00
497.00,143.00,25.00,60.00
497.00,143.00,25.00,60.00
497.00,143.00,25.00,60.00
497.00,143.00,25.00,60.00
497.00,143.00,25.00,60.00
497.00,143.00,25.00,60.00
497.00,143.00,25.00,60.00
497.00,143.00,25.00,60.00
497.00,143.00,25.00,60.00
497.00,143.00,25.00,60.00
497.00,143.00,25.00,60.00
497.00,143.00,25.00,60.00
497.00,143.00,25.00,60.00
497.00,143.00,25.00,60.00
2
0
0
0
0
1
434.00,121.00,25.00,60.00
434.00,121.00,25.00,60.00
434.00,121.00,25.00,60.00
434.00,121.00,25.00,60.00
434.00,121.00,25.00,60.00
434.00,121.00,25.00,60.00
434.00,121.00,25.00,60.00
434.00,121.00,25.00,60.00
434.00,121.00,25.00,60.00
434.00,121.00,25.00,60.00
434.00,121.00,25.00,60.00
434.00,121.00,25.00,60.00
434.00,121.00,25.00,60.00
434.00,121.00,25.00,60.00
434.00,121.00,25.00,60.00
434.00,121.00,25.00,60.00
434.00,121.00,25.00,60.00
434.00,121.00,25.00,60.00
434.00,121.00,25.00,60.00
434.00,121.00,25.00,60.00
434.00,121.00,25.00,60.00
434.00,121.00,25.00,60.00
434.00,121.00,25.00,60.00
434.00,121.00,25.00,60.00
434.00,121.00,25.00,60.00
434.00,121.00,25.00,60.00
434.00,121.00,25.00,60.00
434.00,121.00,25.00,60.00
434.00,121.00,25.00,60.00
434.00,121.00,25.00,60.00
434.00,121.00,25.00,60.00
434.00,121.00,25.00,60.00
434.00,121.00,25.00,60.00
434.00,121.00,25.00,60.00
434.00,121.00,25.00,60.00
434.00,121.00,25.00,60.00
434.00,121.00,25.00,60.00
434.00,121.00,25.00,60.00
434.00,121.00,25.00,60.00
434.00,121.00,25.00,60.00
434.00,121.00,25.00,60.00
434.00,121.00,25.00,60.00
2
0
0
0
0
1
486.00,124.00,25.00,60.00
486.00,124.00,25.00,60.00
486.00,124.00,25.00,60.00
2
0
0
0
0
1
467.00,109.00,25.00,60.00
467.00,109.00,25.00,60.00
467.00,109.00,25.00,60.00
467.00,109.00,25.00,60.00
467.00,109.00,25.00,60.00
467.00,109.00,25.00,60.00
467.00,109.00,25.00,60.00
467.00,109.00,25.00,60.00
467.00,109.00,25.00,60.00
467.00,109.00,25.00,60.00
467.00,109.00,25.00,60.00
467.00,109.00,25.00,60.00
467.00,109.00,25.00,60.00
467.00,109.00,25.00,60.00
467.00,109.00,25.00,60.00
467.00,109.00,25.00,60.00
467.00,109.00,25.00,60.00
467.00,109.00,25.00,60.00
467.00,109.00,25.00,60.00
467.00,109.00,25.00,60.00
467.00,109.00,25.00,60.00
467.00,109.00,25.00,60.00
467.00,109.00,25.00,60.00
467.00,109.00,25.00,60.00
467.00,109.00,25.00,60.00
467.00,109.00,25.00,60.00
467.00,109.00,25.00,60.00
467.00,109.00,25.00,60.00
467.00,109.00,25.00,60.00
467.00,109.00,25.00,60.00
467.00,109.00,25.00,60.00
467.00,109.00,25.00,60.00
467.00,109.00,25.00,60.00
467.00,109.00,25.00,60.00
467.00,109.00,25.00,60.00
467.00,109.00,25.00,60.00
467.00,109.00,25.00,60.00
467.00,109.00,25.00,60.00
467.00,109.00,25.00,60.00
467.00,109.00,25.00,60.00
467.00,109.00,25.00,60.00
467.00,109.00,25.00,60.00
467.00,109.00,25.00,60.00
467.00,109.00,25.00,60.00
467.00,109.00,25.00,60.00
467.00,109.00,25.00,60.00
467.00,109.00,25.00,60.00
467.00,109.00,25.00,60.00
467.00,109.00,25.00,60.00
467.00,109.00,25.00,60.00
467.00,109.00,25.00,60.00
467.00,109.00,25.00,60.00
467.00,109.00,25.00,60.00
467.00,109.00,25.00,60.00
467.00,109.00,25.00,60.00
467.00,109.00,25.00,60.00
467.00,109.00,25.00,60.00
467.00,109.00,25.00,60.00
467.00,109.00,25.00,60.00
467.00,109.00,25.00,60.00
467.00,109.00,25.00,60.00
467.00,109.00,25.00,60.00
2
0
0
0
0
1
440.00,109.00,25.00,60.00
440.00,109.00,25.00,60.00
440.00,109.00,25.00,60.00
440.00,109.00,25.00,60.00
440.00,109.00,25.00,60.00
440.00,109.00,25.00,60.00
440.00,109.00,25.00,60.00
440.00,109.00,25.00,60.00
440.00,109.00,25.00,60.00
440.00,109.00,25.00,60.00
440.00,109.00,25.00,60.00
440.00,109.00,25.00,60.00
440.00,109.00,25.00,60.00
440.00,109.00,25.00,60.00
440.00,109.00,25.00,60.00
440.00,109.00,25.00,60.00
440.00,109.00,25.00,60.00
2
0
0
0
0
1
384.00,96.00,25.00,60.00
384.00,96.00,25.00,60.00
384.00,96.00,25.00,60.00
384.00,96.00,25.00,60.00
384.00,96.00,25.00,60.00
384.00,96.00,25.00,60.00
384.00,96.00,25.00,60.00
384.00,96.00,25.00,60.00
384.00,96.00,25.00,60.00
384.00,96.00,25.00,60.00
384.00,96.00,25.00,60.00
