0.01143656
0.00117873
0.00123059
0.00107508
0.00106613
0.00113047
0.00110025
0.00108962
0.00108930
0.00108415
0.00105154
0.00106819
0.00108186
0.00107015
0.00000000
0.00000000
0.00000000
0.00000000
0.01052631
0.00112906
0.00112016
0.00110715
0.00107613
0.00107854
0.00104649
0.00104487
0.00107134
0.00107492
0.00106564
0.00105740
0.00108161
0.00107648
0.00108076
0.00000000
0.00000000
0.00000000
0.00000000
0.01038932
0.00113418
0.00109992
0.00105989
0.00107497
0.00110162
0.00106986
0.00107902
0.00105312
0.00106784
0.00105847
0.00115750
0.00115370
0.00125720
0.00107683
0.00105333
0.00113980
0.00112803
0.00107300
0.00112451
0.00105346
0.00108618
0.00108648
0.00110816
0.00106920
0.00105978
0.00105193
0.00107361
0.00107083
0.00110099
0.00106526
0.00107557
0.00105069
0.00107025
0.00107827
0.00105903
0.00104910
0.00106588
0.00106681
0.00105368
0.00108894
0.00107617
0.00107179
0.00107728
0.00116411
0.00106574
0.00111235
0.00108935
0.00107497
0.00107986
0.00107204
0.00107121
0.00108225
0.00108323
0.00110747
0.00107269
0.00107152
0.00107338
0.00107540
0.00107996
0.00103578
0.00105797
0.00106334
0.00106387
0.00107580
0.00115486
0.00107301
0.00112693
0.00111276
0.00106347
0.00108462
0.00109004
0.00107215
0.00105023
0.00106471
0.00107144
0.00108258
0.00108863
0.00105098
0.00107970
0.00104756
0.00106129
0.00113008
0.00107635
0.00105664
0.00104334
0.00105298
0.00106781
0.00107457
0.00108562
0.00107224
0.00109665
0.00104831
0.00107613
0.00108231
0.00109569
0.00105289
0.00106805
0.00110309
0.00104687
0.00107110
0.00119903
0.00105602
0.00112478
0.00106873
0.00107011
0.00108117
0.00000000
0.00000000
0.00000000
0.00000000
0.01057600
0.00116425
0.00105827
0.00104968
0.00103828
0.00112207
0.00107069
0.00106780
0.00106746
0.00107701
0.00105132
0.00106509
0.00123512
0.00108022
0.00106002
0.00107402
0.00106780
0.00108440
0.00108162
0.00111342
0.00106135
0.00107757
0.00107124
0.00108913
0.00106458
0.00105633
0.00104731
0.00112512
0.00109858
0.00104603
0.00107729
0.00105941
0.00107251
0.00105669
0.00106890
0.00104823
0.00104802
0.00104487
0.00000000
0.00000000
0.00000000
0.00000000
0.01049533
0.00113464
0.00108807
0.00106240
0.00108787
0.00107170
0.00107252
0.00107483
0.00108767
0.00107065
0.00108274
0.00104123
0.00107478
0.00105652
0.00106945
0.00107501
0.00106352
0.00104391
0.00109618
0.00107174
0.00104224
0.00105184
0.00106673
0.00106826
0.00106524
0.00104687
0.00104857
0.00104645
0.00107278
0.00107866
0.00106891
0.00104539
0.00104831
0.00104698
0.00106576
0.00107524
0.00107259
0.00106418
0.00106685
0.00105131
0.00106077
0.00108587
0.00106674
0.00104162
0.00000000
0.00000000
0.00000000
0.00000000
0.01096687
0.00115932
0.00109063
0.00107107
0.00107617
0.00000000
0.00000000
0.00000000
0.00000000
0.01013915
0.00116461
0.00110657
0.00109058
0.00106256
0.00105541
0.00108664
0.00105700
0.00108885
0.00106644
0.00108372
0.00108261
0.00107020
0.00104962
0.00109196
0.00110898
0.00107623
0.00105966
0.00108981
0.00105555
0.00106410
0.00104321
0.00109597
0.00105015
0.00108656
0.00103947
0.00111343
0.00106748
0.00108869
0.00119623
0.00113980
0.00107101
0.00109554
0.00106854
0.00109990
0.00106913
0.00108788
0.00104378
0.00107806
0.00107885
0.00106883
0.00108047
0.00107409
0.00107955
0.00106843
0.00110695
0.00109608
0.00107210
0.00108061
0.00107117
0.00106789
0.00105869
0.00106675
0.00107223
0.00112089
0.00103895
0.00108458
0.00105841
0.00105960
0.00106950
0.00106201
0.00105064
0.00106309
0.00107251
0.00000000
0.00000000
0.00000000
0.00000000
0.01058570
0.00112824
0.00107581
0.00105492
0.00109486
0.00108965
0.00107912
0.00107524
0.00107101
0.00111633
0.00105431
0.00110609
0.00108130
0.00115708
0.00107916
0.00105352
0.00104974
0.00105128
0.00107690
0.00000000
0.00000000
0.00000000
0.00000000
0.01052920
0.00110141
0.00108856
0.00105567
0.00104542
0.00104708
0.00104190
0.00105039
0.00103343
0.00107116
0.00107735
0.00106763
