0.01133543
0.00134212
0.00123239
0.00106078
0.00107779
0.00107226
0.00107939
0.00107654
0.00113295
0.00111728
0.00107596
0.00107642
0.00108097
0.00108652
0.00000000
0.00000000
0.00000000
0.00000000
0.01404287
0.00116271
0.00102650
0.00107362
0.00106821
0.00110925
0.00102111
0.00105535
0.00105392
0.00105386
0.00104646
0.00106071
0.00104606
0.00105680
0.00104442
0.00000000
0.00000000
0.00000000
0.00000000
0.01034776
0.00112769
0.00109410
0.00106849
0.00104850
0.00104674
0.00105064
0.00105054
0.00105500
0.00104902
0.00104652
0.00102012
0.00105110
0.00104764
0.00106358
0.00110004
0.00121360
0.00109661
0.00109196
0.00104813
0.00109186
0.00106062
0.00105505
0.00104558
0.00104585
0.00105142
0.00104735
0.00109079
0.00104808
0.00105593
0.00104402
0.00104449
0.00110057
0.00106028
0.00105022
0.00105149
0.00104944
0.00103368
0.00105139
0.00104381
0.00105010
0.00117882
0.00107820
0.00107454
0.00107503
0.00115786
0.00104778
0.00105731
0.00106788
0.00104574
0.00105812
0.00106068
0.00105764
0.00104682
0.00104767
0.00105303
0.00104720
0.00104152
0.00104396
0.00105153
0.00104799
0.00105015
0.00111290
0.00105931
0.00104735
0.00109085
0.00105967
0.00103035
0.00105943
0.00106597
0.00105655
0.00104398
0.00109368
0.00104536
0.00104825
0.00107948
0.00106010
0.00105087
0.00103230
0.00104616
0.00106356
0.00105984
0.00103192
0.00104519
0.00106641
0.00105926
0.00105185
0.00105986
0.00109463
0.00105243
0.00104962
0.00109592
0.00104325
0.00104620
0.00105822
0.00105031
0.00108457
0.00109146
0.00105827
0.00108801
0.00106389
0.00105019
0.00103103
0.00105066
0.00104703
0.00103752
0.00104883
0.00000000
0.00000000
0.00000000
0.00000000
0.01047908
0.00115463
0.00108130
0.00106141
0.00104614
0.00106085
0.00106590
0.00110090
0.00107216
0.00107375
0.00106071
0.00107811
0.00106949
0.00102718
0.00105133
0.00104986
0.00104914
0.00110408
0.00121407
0.00108802
0.00105228
0.00186941
0.00132451
0.00122054
0.00106977
0.00107421
0.00106822
0.00106485
0.00105525
0.00105881
0.00105899
0.00105060
0.00104987
0.00108979
0.00105844
0.00104954
0.00104357
0.00104717
0.00000000
0.00000000
0.00000000
0.00000000
0.01030231
0.00122325
0.00109375
0.00105211
0.00102772
0.00106498
0.00106791
0.00104909
0.00106244
0.00105003
0.00105248
0.00106426
0.00111483
0.00105463
0.00105638
0.00105919
0.00105017
0.00105107
0.00102777
0.00105415
0.00105558
0.00104935
0.00103905
0.00111722
0.00106857
0.00102926
0.00106491
0.00113403
0.00104209
0.00116183
0.00109180
0.00109310
0.00105793
0.00108271
0.00116738
0.00107114
0.00107786
0.00104898
0.00105747
0.00104707
0.00104408
0.00111583
0.00118601
0.00108346
0.00000000
0.00000000
0.00000000
0.00000000
0.01055774
0.00114570
0.00108333
0.00128025
0.00107593
0.00000000
0.00000000
0.00000000
0.00000000
0.01031531
0.00115491
0.00109671
0.00106656
0.00108135
0.00108008
0.00104814
0.00109384
0.00106306
0.00104803
0.00101624
0.00104675
0.00105582
0.00104004
0.00105240
0.00109053
0.00108207
0.00105983
0.00106854
0.00111621
0.00106693
0.00105233
0.00106621
0.00112034
0.00107799
0.00108073
0.00113671
0.00105769
0.00105073
0.00104717
0.00103121
0.00105538
0.00104718
0.00112807
0.00120391
0.00107025
0.00105805
0.00112596
0.00106910
0.00103884
0.00105987
0.00103464
0.00105479
0.00103626
0.00106620
0.00103529
0.00103268
0.00105924
0.00104895
0.00109071
0.00109385
0.00104872
0.00108245
0.00105770
0.00111990
0.00107531
0.00108990
0.00109278
0.00103316
0.00134165
0.00108805
0.00106596
0.00107367
0.00106873
0.00000000
0.00000000
0.00000000
0.00000000
0.01063429
0.00114859
0.00105940
0.00105551
0.00106631
0.00109091
0.00105958
0.00110291
0.00103621
0.00107716
0.00105811
0.00106023
0.00104468
0.00104565
0.00104915
0.00105003
0.00104416
0.00106329
0.00110011
0.00000000
0.00000000
0.00000000
0.00000000
0.00995879
0.00128852
0.00108194
0.00108215
0.00112709
0.00106676
0.00106288
0.00109514
0.00106580
0.00106246
0.00105696
0.00103042
