0.00011977
0.00596265
0.00614159
0.00568945
0.00574950
0.00579939
0.00560886
0.00553081
0.00564650
0.00567217
0.00556250
0.00530820
0.00532309
0.00547824
0.00536248
0.00533893
0.00532186
0.00538778
0.00532170
0.00529962
0.00569694
0.00548289
0.00535340
0.00533994
0.00535521
0.00535545
0.00541091
0.00534441
0.00532077
0.00538909
0.00532048
0.00538558
0.00527987
0.00530377
0.00541042
0.00538271
0.00544779
0.00539416
0.00544606
0.00533833
0.00535474
0.00533990
0.00545445
0.00541861
0.00539971
0.00558621
0.00536469
0.00534157
0.00539379
0.00525077
0.00533741
0.00538282
0.00540363
0.00546967
0.00541253
0.00534228
0.00536018
0.00536363
0.00548294
0.00538181
0.00536402
0.00547095
0.00571428
0.00573843
0.00571969
0.00561833
0.00560314
0.00543283
0.00531945
0.00530021
0.00532123
0.00538856
0.00535854
0.00536428
0.00544022
0.00538170
0.00536361
0.00557197
0.00544849
0.00000000
0.00000000
0.00000000
0.00000000
0.00003499
0.00331725
0.00332008
0.00331052
0.00349640
0.00375158
0.00349232
0.00347950
0.00000000
0.00000000
0.00000000
0.00000000
0.00000986
0.00284896
0.00288223
0.00287075
0.00285941
0.00274983
0.00274219
0.00262775
0.00000000
0.00000000
0.00000000
0.00000000
0.00000804
0.00301808
0.00302356
0.00307105
0.00301413
0.00301285
0.00301677
0.00299189
0.00303963
0.00000000
0.00000000
0.00000000
0.00000000
0.00010641
0.00407319
0.00368481
0.00367417
0.00363623
0.00342560
0.00000000
0.00000000
0.00000000
0.00000000
0.00000808
0.00301036
0.00303815
0.00305984
0.00000000
0.00000000
0.00000000
0.00000000
0.00000759
0.00287519
0.00299336
0.00293497
0.00290771
0.00298359
0.00254096
0.00000000
0.00000000
0.00000000
0.00000000
0.00000802
0.00251459
0.00245846
0.00250248
0.00243911
0.00250679
0.00250624
0.00250282
0.00245882
0.00000000
0.00000000
0.00000000
0.00000000
0.00000779
0.00173062
0.00181004
0.00181964
0.00178239
0.00180741
0.00174724
0.00175539
0.00179249
0.00000000
0.00000000
0.00000000
0.00000000
0.00000809
0.00094835
0.00089744
0.00089990
0.00089711
0.00089880
0.00089649
0.00089819
0.00090133
0.00089933
0.00089502
0.00090046
0.00092308
0.00090002
0.00088697
0.00089216
0.00000000
0.00000000
0.00000000
0.00000000
0.00000749
0.00143544
0.00143149
0.00143700
0.00145835
0.00144002
0.00145014
0.00145443
0.00143298
0.00143395
0.00145648
0.00150527
