0.00001095
0.01816060
0.01849231
0.01809726
0.01386927
0.01349024
0.01389911
0.01991474
0.01943753
0.01951757
0.01934778
0.01946805
0.01971499
0.01956574
0.01956018
0.01964944
0.01986804
0.01971169
0.01951954
0.01982372
0.01987558
0.02002790
0.02018763
0.01973287
0.01975810
0.02013122
0.01992120
0.02098949
0.02060817
0.02009260
0.02031191
0.02014258
0.02000492
0.01997748
0.02033017
0.02003740
0.02011781
0.02079535
0.02042428
0.02060827
0.02039770
0.02023612
0.02022180
0.02048552
0.01966637
0.02057061
0.02054398
0.02042971
0.02040891
0.02158308
0.02101986
0.02238218
0.02152110
0.02109810
0.02221048
0.02246195
0.02274639
0.02280583
0.02389823
0.02351296
0.02421875
0.02467071
0.02463339
0.02514382
0.02550740
0.02507361
0.02586844
0.02605651
0.02518044
0.02558319
0.02593460
0.02564291
0.02560989
0.02642045
0.02581568
0.02654713
0.02736685
0.02619391
0.02647812
0.02747989
0.02636988
0.02662739
0.02694553
0.02659427
0.02652965
0.02678940
0.02675647
0.02675493
0.02699738
0.02659887
0.02660997
0.02709149
0.02658683
0.02677609
0.02704320
0.02662806
0.02688470
0.02712890
0.02667642
0.02666270
0.02697900
0.02748998
0.02775610
0.02793311
0.02739107
0.02729033
0.02789970
0.02749712
0.02756554
0.02802094
0.02755227
0.02772644
0.02786839
0.02749856
0.02750566
0.02819124
0.02764384
0.02743135
0.02773078
0.02759329
0.02769060
0.02790227
0.02748732
0.02753624
0.02797423
0.02760415
0.02760486
0.02793969
0.02748835
0.02745234
0.02707760
0.02661197
0.02670842
0.02705866
0.02657468
0.02706348
0.02705326
0.02673058
0.02662315
0.02697004
0.02721684
0.02753979
0.02800677
0.02756642
0.02761978
0.02791399
0.02750444
0.02748995
0.02796248
0.02749473
0.02674711
0.02697800
0.02665983
0.02667849
0.02702288
0.02716226
0.02683876
0.00000000
0.00000000
0.00000000
0.00000000
0.00001988
0.01450812
0.01387428
0.01388261
0.01386248
0.01374227
0.01390651
0.01387569
0.01395107
0.01388589
0.01391698
0.01389027
0.01422731
0.01399847
0.01396404
0.01387869
0.01389648
0.01390040
0.01393243
0.01384949
0.01389510
0.01391845
0.01393063
0.01387076
0.01391911
0.01389850
0.01391303
0.01385966
0.01389458
0.01387671
0.01394458
0.01387517
0.01358106
0.01367945
0.01351489
0.01344058
0.01347328
0.01341759
0.01342800
0.01337698
0.01339999
0.01339300
0.01341411
0.01337426
0.01342062
0.01339498
0.01340502
0.01340078
0.01360514
0.01387236
0.01392309
0.01400586
0.01393200
0.01388428
0.01389895
0.01389026
0.01392376
0.01387303
0.01392271
0.01390247
0.00000000
0.00000000
0.00000000
0.00000000
0.00001281
0.00597399
0.00593925
0.00593366
0.00592828
0.00594146
0.00594038
0.00595560
0.00593290
0.00593400
0.00596320
0.00593484
0.00593828
0.00593759
0.00593314
0.00569226
0.00573390
0.00578432
0.00589877
0.00573689
0.00573303
0.00579156
0.00575104
0.00576754
0.00575166
0.00573962
0.00573645
0.00572648
0.00574205
0.00576966
0.00573799
0.00573362
0.00573489
0.00571977
0.00573861
0.00574091
0.00573098
0.00574266
0.00573710
0.00576293
0.00574596
0.00573915
0.00573655
0.00574142
0.00576408
0.00574051
0.00574992
0.00574444
0.00573814
0.00572499
0.00573389
0.00573943
0.00573372
0.00574319
0.00573621
0.00575354
0.00573680
0.00574045
0.00000000
0.00000000
0.00000000
0.00000000
0.00001247
0.00336566
0.00337354
0.00336371
0.00337359
0.00335302
0.00337353
0.00336171
0.00349261
0.00348064
0.00347905
0.00347823
0.00349689
0.00347435
0.00348662
0.00348215
0.00348357
0.00347756
0.00348192
0.00347521
0.00348440
0.00347873
0.00348871
0.00347718
0.00348640
0.00347687
0.00347967
0.00347892
0.00349794
0.00348050
0.00348619
0.00347176
0.00348714
0.00348056
0.00349784
0.00347934
0.00348902
0.00366682
0.00350676
0.00361682
0.00348929
0.00347224
0.00348828
0.00348407
0.00348851
0.00347584
0.00348954
0.00347641
0.00348495
0.00348026
0.00348603
0.00347741
0.00348686
0.00354624
0.00349106
0.00347940
0.00348704
0.00337149
0.00337470
0.00336761
0.00336520
0.00336291
0.00336507
0.00335937
