0.00001207
0.00492868
0.00481004
0.00480392
0.00479852
0.00478351
0.00481366
0.00495492
0.00477348
0.00488566
0.00476479
0.00476817
0.00474902
0.00475143
0.00480331
0.00475169
0.00476007
0.00490075
0.00491695
0.00491824
0.00492625
0.00492432
0.00491523
0.00495183
0.00491284
0.00492441
0.00492979
0.00490947
0.00492076
0.00493142
0.00491055
0.00491996
0.00494368
0.00491962
0.00491946
0.00492743
0.00491323
0.00458546
0.00000000
0.00000000
0.00000000
0.00000000
0.00001182
0.00492580
0.00494715
0.00494120
0.00498524
0.00497112
0.00496841
0.00495421
0.00000000
0.00000000
0.00000000
0.00000000
0.00001371
0.00493485
0.00494711
0.00492212
0.00492441
0.00492563
0.00491753
0.00491531
0.00491546
0.00491271
0.00492204
0.00494981
0.00492378
0.00492335
0.00492604
0.00491332
0.00491631
0.00491135
0.00491015
0.00491185
0.00491660
0.00491455
0.00491661
0.00490999
0.00490830
0.00490717
0.00491186
0.00494800
0.00492077
0.00491873
0.00491682
0.00491335
0.00491858
0.00491219
0.00491614
0.00491485
0.00000000
0.00000000
0.00000000
0.00000000
0.00001217
0.00352934
0.00369456
0.00356148
0.00358577
0.00364737
0.00353620
0.00352797
0.00354035
0.00352652
0.00355744
0.00353337
0.00353951
0.00352804
0.00354093
0.00352441
0.00353832
0.00352225
0.00000000
0.00000000
0.00000000
0.00000000
0.00001257
0.00349462
0.00350143
0.00348978
0.00350640
0.00348847
0.00350225
0.00348335
0.00350401
0.00349069
0.00000000
0.00000000
0.00000000
0.00000000
0.00001068
0.00349515
0.00350257
0.00349616
0.00350679
0.00351707
0.00350938
0.00348989
0.00350801
0.00349409
0.00350804
0.00000000
0.00000000
0.00000000
0.00000000
0.00001103
0.00349891
0.00348713
0.00349300
0.00000000
0.00000000
0.00000000
0.00000000
0.00001010
0.00348396
0.00351623
0.00348828
0.00350687
0.00348450
0.00349743
0.00348928
0.00350534
0.00350144
0.00338829
0.00000000
0.00000000
0.00000000
0.00000000
0.00001033
0.00337837
0.00339526
0.00337928
0.00337758
0.00337933
0.00337071
0.00337977
0.00337351
0.00337948
0.00337353
0.00337218
0.00336785
0.00337448
0.00337605
0.00339359
0.00337848
0.00337568
0.00336990
0.00337328
0.00337136
0.00339359
0.00337425
0.00338730
0.00338423
0.00337819
0.00337330
0.00337690
0.00337610
0.00337603
0.00337036
0.00000000
0.00000000
0.00000000
0.00000000
0.00001115
0.00336872
0.00335849
0.00334537
0.00335633
0.00334323
0.00335357
0.00334572
0.00335435
0.00000000
0.00000000
0.00000000
0.00000000
0.00001063
0.00337198
0.00337812
0.00337816
0.00337361
0.00337654
0.00338213
0.00338210
0.00338791
0.00338532
0.00338388
0.00000000
0.00000000
0.00000000
0.00000000
0.00001076
0.00337214
0.00338663
0.00338188
0.00338951
0.00337853
0.00339006
0.00337093
0.00338879
0.00337630
0.00338761
0.00340859
0.00339363
0.00336824
0.00338629
0.00337893
0.00338866
0.00337611
0.00340069
0.00337525
0.00338965
0.00337170
0.00338534
0.00337500
0.00338862
0.00337528
0.00338489
0.00339139
0.00339047
0.00337733
0.00338988
0.00354970
0.00340809
0.00337717
0.00339685
0.00337824
0.00339042
0.00340447
0.00338801
0.00339882
0.00340356
0.00337373
0.00339668
0.00337463
0.00338895
0.00337581
0.00339163
0.00338224
0.00339184
0.00337155
0.00339124
0.00337911
0.00338533
0.00337826
0.00338720
0.00337015
0.00339115
0.00000000
0.00000000
0.00000000
0.00000000
0.00001167
0.00338020
0.00337354
0.00337366
0.00339214
0.00338849
0.00337458
0.00337741
0.00337096
0.00336986
0.00336921
0.00337843
0.00337547
0.00337759
0.00337166
0.00337834
0.00337013
0.00000000
0.00000000
0.00000000
0.00000000
0.00001058
0.00199294
0.00199010
0.00199333
0.00199127
0.00199792
0.00199225
0.00199010
0.00198576
0.00199589
0.00199104
0.00199574
0.00198609
0.00200037
0.00200043
0.00199869
0.00199131
0.00199659
0.00201051
0.00205919
0.00205949
0.00206593
0.00205923
0.00206377
0.00205535
0.00205874
0.00205806
0.00206478
0.00205954
0.00206583
0.00205590
0.00205939
0.00205497
0.00206449
0.00206091
0.00206397
0.00205221
0.00206070
0.00205520
0.00206507
0.00206242
0.00206316
0.00205463
0.00207175
0.00206689
0.00206753
0.00205783
0.00206571
0.00205436
0.00205736
0.00205555
0.00206098
0.00206101
0.00206235
0.00205162
0.00205935
0.00205353
0.00206445
0.00205878
0.00206426
0.00205515
0.00205874
0.00205947
0.00206172
0.00205891
0.00206314
0.00000000
0.00000000
0.00000000
0.00000000
0.00001202
0.00359097
0.00359514
0.00357591
0.00359454
0.00357334
0.00361687
0.00357831
0.00358882
0.00358135
0.00359913
0.00358052
0.00359459
0.00000000
0.00000000
0.00000000
0.00000000
0.00001197
0.00364379
0.00363491
0.00363265
0.00363437
0.00364194
0.00363738
0.00363626
0.00363657
0.00000000
0.00000000
0.00000000
0.00000000
0.00001044
0.00360185
0.00351900
0.00351653
0.00351313
0.00351327
0.00354479
0.00351604
0.00351432
0.00351504
0.00350946
0.00351280
0.00351595
0.00351242
0.00351114
0.00350829
0.00351166
0.00351334
0.00351424
0.00362465
0.00354172
0.00351871
0.00365139
0.00351161
0.00351346
0.00350922
0.00351299
0.00353882
0.00355026
0.00351361
0.00351844
0.00350714
0.00351568
0.00350912
0.00351546
0.00351233
0.00351514
0.00350939
0.00351564
0.00360947
0.00352755
0.00351705
0.00350968
0.00351260
0.00351168
0.00351105
0.00352223
0.00351248
0.00353247
0.00352124
0.00351694
0.00351207
0.00351516
0.00350908
0.00351704
0.00351416
0.00351171
0.00348278
0.00348336
0.00348010
0.00348345
0.00348155
0.00348512
0.00347940
0.00347468
0.00347962
0.00348556
0.00348070
0.00348532
0.00348907
0.00352540
0.00351016
0.00352060
0.00351397
0.00351306
0.00350619
0.00351129
0.00351214
0.00351399
0.00351517
0.00351425
0.00351075
0.00351254
0.00351375
0.00353065
0.00351883
0.00351129
0.00351533
0.00351081
0.00351566
0.00351401
0.00353216
0.00351663
0.00351589
0.00351726
0.00351248
0.00351608
0.00350770
0.00351262
0.00351464
0.00351199
0.00351157
0.00350704
0.00351385
0.00351242
0.00350999
0.00351602
0.00350968
0.00351219
0.00351240
0.00351609
0.00351109
0.00353226
0.00347837
0.00348624
0.00348607
0.00348559
0.00347924
0.00348758
0.00347870
0.00348387
0.00347940
0.00348258
0.00348365
0.00347725
0.00348260
0.00347875
0.00348174
0.00348425
0.00348015
0.00347776
0.00348268
0.00348413
0.00354102
0.00351761
0.00351434
0.00351667
0.00351089
0.00351381
0.00351641
0.00351612
0.00350638
0.00350732
0.00351205
0.00351513
0.00351356
0.00351590
0.00351516
0.00351695
0.00347005
0.00338603
0.00346684
0.00000000
0.00000000
0.00000000
0.00000000
0.00001287
0.00674845
0.00680576
0.00559322
0.00791386
0.00693815
0.00703216
0.00927525
0.00764633
0.00823459
0.00864128
0.00866534
0.01349118
0.01361434
0.01366220
0.01370748
0.01283746
0.01296201
0.01303553
0.01318463
0.01312953
0.00849866
0.00846970
0.00847574
0.01288500
0.01279747
0.01381892
0.01421738
