0.00789399
0.00121963
0.00122882
0.00117774
0.00122869
0.00115889
0.00123909
0.00114301
0.00119040
0.00134197
0.00122678
0.00126904
0.00117818
0.00117826
0.00123719
0.00115310
0.00122864
0.00114487
0.00119877
0.00114353
0.00114776
0.00116550
0.00117311
0.00119975
0.00114766
0.00115230
0.00116841
0.00115325
0.00115058
0.00127048
0.00114782
0.00114691
0.00117505
0.00116931
0.00115342
0.00122768
0.00115623
0.00114269
0.00124105
0.00122575
0.00116295
0.00115349
0.00114636
0.00118028
0.00117571
0.00118519
0.00117740
0.00117214
0.00122506
0.00114706
0.00114739
0.00116290
0.00115674
0.00116571
0.00118671
0.00117127
0.00118071
0.00111645
0.00114989
0.00114773
0.00123626
0.00122324
0.00117902
0.00115156
0.00118501
0.00119627
0.00122105
0.00117557
0.00120053
0.00118579
0.00119950
0.00116746
0.00125841
0.00122095
0.00118789
0.00114904
0.00114740
0.00114505
0.00119954
0.00120113
0.00117986
0.00118709
0.00119302
0.00115973
0.00118739
0.00130669
0.00120841
0.00118121
0.00125486
0.00120998
0.00120129
0.00116518
0.00116152
0.00116246
0.00119431
0.00120323
0.00000000
0.00000000
0.00000000
0.00000000
0.00828520
0.00127131
0.00131281
0.00131259
0.00126883
0.00125369
0.00122996
0.00123362
0.00129102
0.00134945
0.00131184
0.00125131
0.00123880
0.00126374
0.00123755
0.00131095
0.00129270
0.00131848
0.00127630
0.00123309
0.00132063
0.00130487
0.00135712
0.00127304
0.00154742
0.00136349
0.00124830
0.00127780
0.00123967
0.00126367
0.00127603
0.00126879
0.00127682
0.00126976
0.00127258
0.00125129
0.00123306
0.00126150
0.00123178
0.00127677
0.00126525
0.00126980
0.00125037
0.00128609
0.00131798
0.00127090
0.00127688
0.00127457
0.00135084
0.00134370
0.00137132
0.00131476
0.00132873
0.00123857
0.00127732
0.00123616
0.00148559
0.00127204
0.00134223
0.00135119
0.00134299
0.00165614
0.00133407
0.00127189
0.00127775
0.00127743
0.00127513
0.00127947
0.00126796
0.00127004
0.00127750
0.00131710
0.00126918
0.00123523
0.00124490
0.00127133
0.00127047
0.00127123
0.00126958
0.00131222
0.00130891
0.00125828
0.00123760
0.00123890
0.00127035
0.00122907
0.00125318
0.00126858
0.00124099
0.00128907
0.00128222
0.00136759
0.00123666
0.00128310
0.00126861
0.00123869
0.00124015
0.00126687
0.00124813
0.00123707
0.00129899
0.00127306
0.00136100
0.00123844
0.00124746
0.00127616
0.00132503
0.00131720
0.00123947
0.00123491
0.00132781
0.00129074
0.00123353
0.00131772
0.00131471
0.00128573
0.00123784
0.00128613
0.00123945
0.00124249
0.00130626
0.00131557
0.00123657
0.00124439
0.00124174
0.00128605
0.00135606
0.00130994
0.00124269
0.00124703
0.00128069
