0.01083686
0.00165173
0.00162605
0.00163429
0.00163184
0.00167315
0.00167232
0.00165517
0.00163624
0.00164637
0.00163277
0.00163462
0.00162883
0.00162895
0.00162853
0.00164036
0.00163310
0.00165487
0.00162709
0.00163597
0.00162663
0.00162965
0.00162335
0.00164245
0.00163060
0.00000000
0.00000000
0.00000000
0.00000000
0.00961090
0.00144271
0.00145292
0.00145670
0.00145225
0.00145201
0.00147020
0.00144078
0.00144943
0.00145904
0.00144553
0.00142800
0.00139961
0.00138735
0.00139904
0.00139398
0.00140368
0.00138762
0.00139918
0.00139406
0.00139755
0.00140718
0.00139843
0.00138793
0.00139804
0.00140297
0.00139799
0.00139951
0.00139885
0.00139270
0.00140880
0.00000000
0.00000000
0.00000000
0.00000000
0.01208777
0.00182852
0.00181807
0.00182280
0.00186326
0.00183146
0.00182894
0.00182874
0.00181734
0.00182102
0.00181869
0.00182638
0.00181711
0.00182151
0.00182127
0.00183283
0.00182140
0.00183390
0.00181435
0.00181725
0.00181162
0.00182662
0.00181375
0.00182327
0.00182903
0.00183387
0.00182681
0.00183673
0.00181463
0.00182436
0.00181182
0.00182081
0.00181549
0.00182802
0.00182109
0.00183093
0.00182544
0.00182716
0.00181748
0.00182222
0.00181601
0.00182157
0.00181953
0.00182616
0.00182095
0.00182773
0.00182394
0.00182861
0.00182882
0.00000000
0.00000000
0.00000000
0.00000000
0.01210317
0.00183326
0.00182542
0.00182882
0.00183315
0.00181853
0.00182390
0.00181476
0.00182308
0.00182170
0.00181769
0.00182551
0.00182819
0.00182014
0.00182745
0.00182505
0.00181955
0.00182026
0.00182039
0.00180265
0.00176206
0.00178205
0.00176505
0.00175820
0.00175811
0.00175170
0.00000000
0.00000000
0.00000000
0.00000000
0.01330854
0.00198051
0.00198242
0.00198256
0.00198802
0.00198589
0.00198485
0.00198196
0.00198685
0.00000000
0.00000000
0.00000000
0.00000000
0.00880643
0.00130140
0.00131898
0.00129611
0.00131112
0.00130226
0.00000000
0.00000000
0.00000000
0.00000000
0.01421018
0.00216209
0.00216688
0.00214769
0.00214932
0.00214799
0.00214711
0.00214409
0.00215402
0.00218680
0.00219638
0.00215432
0.00221326
0.00214378
0.00214006
0.00213272
0.00213895
0.00000000
0.00000000
0.00000000
0.00000000
0.01000530
0.00150532
0.00149689
0.00151208
0.00150159
0.00150610
0.00149670
0.00150156
0.00150426
0.00151415
0.00149551
0.00150021
0.00149757
0.00150588
0.00150079
0.00150160
0.00149445
0.00150195
0.00149251
0.00150616
0.00149904
0.00150514
0.00149571
0.00150358
0.00150241
0.00151025
0.00149966
0.00150490
0.00149439
0.00151449
0.00000000
0.00000000
0.00000000
0.00000000
0.01332163
0.00199230
0.00197672
0.00198171
0.00197971
0.00198747
0.00197685
0.00198622
0.00198489
0.00199009
0.00198545
0.00199236
0.00198849
0.00199357
0.00198658
0.00198940
0.00197879
0.00197608
0.00198342
0.00198340
0.00198231
0.00198396
0.00000000
0.00000000
0.00000000
0.00000000
0.01448377
0.00222214
0.00217629
0.00218947
0.00217208
0.00218561
0.00217408
0.00217803
0.00216961
0.00217877
0.00217228
0.00217880
0.00217675
