0.00029730
0.00024765
0.00024479
0.00023738
0.00023932
0.00026596
0.00023551
0.00024204
0.00025633
0.00028444
0.00052591
0.00046375
0.00045800
0.00066837
0.00216678
0.00045591
0.00045847
0.00051233
0.00069189
0.00087712
0.00067020
0.00147829
0.00109340
0.00066076
0.00147068
0.00066144
0.00086648
0.00181864
0.00104444
0.00085181
0.00259805
0.00143346
0.00104860
0.00104187
0.00069320
0.00088402
0.00102604
0.00023026
0.00024789
0.00044360
0.00023473
0.00045093
0.00066709
0.00046177
0.00085487
0.00023599
0.00125707
0.00105120
0.00060159
0.00317635
0.00156181
0.00174316
0.00148204
0.00024420
0.00167431
0.00107480
0.00123714
0.00084300
0.00084399
0.00064813
0.00044343
0.00044503
0.00369005
0.00043302
0.00181547
0.00218047
0.00145312
0.00085244
0.00064740
0.00066203
0.00045533
0.00043463
0.00024541
0.00027685
0.00046785
0.00066642
0.00085063
0.00064857
0.00064969
0.00067669
0.00088805
0.00067881
0.00088506
0.00067220
0.00067232
0.00067136
0.00153914
0.00193906
0.00108204
0.00092495
0.00107378
0.00116440
0.00046584
0.00046024
0.00067235
0.00072284
0.00087301
0.00133921
0.00201452
0.00066188
0.00153678
0.00024492
0.00213356
0.00082671
0.00145212
0.00199336
0.00104313
0.00141251
0.00067085
0.00087047
0.00088033
0.00024021
0.00024486
0.00045841
0.00066234
0.00087498
0.00066821
0.00066495
0.00150402
0.00089353
0.00148293
0.00067913
0.00043475
0.00043996
0.00129239
0.00062961
0.00053001
0.00045421
0.00072099
0.00044260
0.00170140
0.00023777
0.00025010
0.00024344
0.00045830
0.00044943
0.00087118
0.00188306
0.00044511
0.00024238
0.00024391
0.00045612
0.00047502
0.00051605
0.00049404
0.00023848
0.00107446
0.00089608
0.00107154
0.00148457
0.00226817
0.00169538
0.00164136
0.00147361
0.00128329
0.00107177
0.00069188
0.00084816
0.00107837
0.00208566
0.00065805
0.00067900
0.00066292
0.00069217
0.00023099
0.00043124
0.00023112
0.00000000
0.00000000
0.00000000
0.00000000
0.00029502
0.00030066
0.00049248
0.00025885
0.00026484
0.00050903
0.00074499
0.00130321
0.00074109
0.00026692
0.00027380
0.00027585
0.00216375
0.00027601
0.00027366
0.00028079
0.00027648
0.00027044
0.00000000
0.00000000
0.00000000
0.00000000
0.00032027
0.00030969
0.00032384
0.00059653
0.00059018
0.00087393
0.00090937
0.00143182
0.00116290
0.00111040
0.00115823
0.00346125
0.00220731
0.00164731
0.00141647
0.00087921
0.00086892
0.00288012
0.00127410
0.00057766
0.00086510
0.00089421
0.00086219
0.00086704
0.00086043
0.00088973
0.00117281
0.00086214
0.00087119
0.00086419
0.00114061
0.00167887
0.00059104
0.00085987
0.00114105
0.00114870
0.00116136
0.00088465
0.00057513
0.00088773
0.00059269
0.00093575
0.00060906
0.00059222
0.00113972
0.00113691
0.00091653
0.00092619
0.00110682
0.00091223
0.00068283
