0.06039301
0.00933880
0.00918847
0.00911459
0.00914218
0.00950414
0.00911838
0.00914631
0.00912016
0.00909754
0.00914086
0.00906033
0.00909445
0.00903996
0.00921223
0.00916513
0.00913304
0.00903079
0.00925575
0.00913809
0.00906703
0.00907436
0.00907786
0.00905587
0.00934251
0.00927566
0.00930612
0.00916640
0.00912738
0.00919489
0.00901948
0.00911402
0.00913289
0.00908587
0.00902138
0.00920725
0.00928463
0.00906800
0.00909145
0.00905403
0.00901452
0.00915980
0.00911026
0.00904230
0.00904754
0.00936184
0.00939229
0.00965759
0.01420979
0.01329041
0.00937133
0.00933245
0.00910338
0.00928799
0.00911549
0.00914840
0.00913763
0.00912781
0.00907860
0.00909502
0.00910963
0.00907782
0.00914313
0.00917936
0.00913682
0.00951365
0.00966456
0.00933809
0.00908838
0.00912295
0.00917681
0.00902558
0.00905083
0.00917999
0.00902817
0.00910867
0.00905474
0.00907503
0.00923959
0.00908827
0.00909167
0.00915823
0.00905467
0.00918456
0.00910641
0.00917413
0.00974733
0.00913076
0.00910552
0.00919091
0.00907093
0.00912882
0.00910964
0.00919171
0.00901722
0.00912117
0.00914189
0.00907786
0.00915440
0.00909803
0.00919710
0.00911756
0.00907394
0.00916185
0.00913038
0.00907914
0.00906868
0.00928909
0.00928121
0.00910493
0.00913735
0.00910430
0.00910396
0.00924860
0.00912979
0.00917938
0.00905779
0.00943092
0.00917445
0.00912811
0.00904316
0.00910520
0.00909494
0.00908813
0.00915149
0.00908953
0.00903692
0.00974151
0.00920713
0.00921164
0.00905801
0.00917521
0.00915183
0.00909189
0.00910464
0.00908341
0.00923058
0.00909600
0.00939896
0.00920265
0.00913089
0.00910052
0.00915767
0.00913148
0.00912680
0.00915371
0.00912910
0.00907889
0.00923866
0.00923900
0.00914797
0.00959747
0.00929823
0.00914322
0.00937309
0.00942679
0.00918893
0.00915641
0.00916676
0.00928953
0.00931006
0.00952939
0.00945271
0.00933319
0.00918654
0.00923059
0.00909935
0.00926139
0.00914351
0.00909286
0.00929094
0.00933250
0.00924574
0.00933559
0.00944611
0.00919788
0.00919173
0.00908959
0.00924254
0.00926747
0.00909163
0.00922466
0.00927115
0.00933219
0.00923800
0.00923493
0.00910664
0.00914146
0.00910288
0.00922692
0.00917307
0.00905499
0.00928115
0.00944911
0.00952576
0.00996292
0.00957971
0.01022560
0.00933800
0.00924751
0.00943018
0.00928649
0.00938507
0.00906765
0.00925843
0.00921957
0.00909245
0.00910803
0.00928155
0.00920454
0.00908771
0.00912468
0.00920243
0.00915542
0.01000986
0.00950595
0.00929516
0.00919065
0.00924111
0.00921734
0.00925682
0.00927301
0.00916612
0.00911340
0.00923429
0.00000000
0.00000000
0.00000000
0.00000000
0.02176281
0.00358296
0.00332687
0.00325728
0.00340571
0.00326860
0.00334014
0.00338886
0.00330292
0.00338660
0.00336118
0.00332603
0.00342073
0.00328613
0.00333881
0.00338685
0.00358684
0.00344297
0.00337331
0.00335302
0.00335481
0.00340385
0.00335285
0.00335275
0.00334023
0.00338492
0.00336675
0.00335054
0.00335533
0.00331694
0.00353086
0.00371087
0.00330098
0.00341287
0.00336029
0.00336768
0.00334879
0.00343463
0.00335695
0.00333330
0.00340648
0.00335332
0.00325520
0.00338373
0.00340543
0.00344882
0.00336210
0.00354929
0.00336153
0.00329075
0.00344574
0.00338153
0.00359451
0.00355459
0.00336497
0.00339431
0.00335859
0.00332821
0.00337887
0.00336890
0.00334594
0.00337556
0.00339327
0.00381342
0.00331784
0.00335824
0.00338623
0.00335272
0.00336405
0.00341147
0.00336717
0.00339726
0.00335058
0.00335883
0.00336057
0.00332950
0.00341612
0.00337247
0.00335042
0.00341700
0.00330662
0.00336079
0.00336924
0.00335242
0.00353695
0.00343776
0.00338158
0.00338878
0.00335331
0.00333226
0.00334783
0.00338633
0.00341462
0.00338033
0.00336865
0.00336244
0.00335373
0.00335544
0.00341070
0.00337175
0.00335920
0.00328727
0.00338292
0.00337139
0.00336243
0.00336555
0.00372359
0.00356980
0.00343027
0.00332774
0.00346355
0.00336412
0.00344851
0.00335471
0.00337993
0.00335425
0.00336010
0.00335315
0.00335756
0.00332226
0.00338656
0.00335172
0.00335873
0.00334866
0.00335860
0.00336175
0.00334689
0.00335077
0.00334808
0.00335347
0.00334781
0.00330526
0.00342513
0.00335569
0.00335272
0.00336907
0.00342062
0.00337836
0.00334984
0.00336518
0.00335803
0.00335279
0.00335514
0.00337527
0.00331201
0.00338336
0.00334973
0.00336297
0.00336674
0.00341825
0.00337463
0.00335824
0.00335044
0.00337511
0.00337025
0.00336894
0.00335800
0.00335519
0.00335484
0.00336137
0.00336776
0.00335650
0.00335197
0.00344218
0.00334932
0.00335513
0.00335947
0.00333409
0.00338012
0.00337093
0.00334145
0.00329518
0.00338914
0.00326642
0.00343240
0.00336717
0.00335431
0.00371259
0.00339308
0.00341079
0.00336305
0.00334972
0.00335554
0.00335462
0.00336668
0.00335992
0.00337383
0.00336174
0.00336040
0.00340477
0.00334787
0.00330797
0.00337024
0.00335194
0.00335337
0.00335144
0.00335704
0.00346126
0.00342195
0.00336994
0.00345564
0.00338654
0.00336271
0.00349296
0.00341471
0.00339101
0.00340470
0.00341496
0.00336324
0.00340314
0.00340649
0.00335815
0.00346446
0.00340385
0.00356491
0.00335896
0.00337702
0.00346788
0.00340828
0.00357409
0.00342421
0.00335714
0.00361638
0.00335989
0.00345674
0.00339229
0.00339278
0.00355355
0.00341157
0.00344769
0.00354368
0.00347661
0.00346616
0.00350686
0.00354681
0.00369922
0.00343845
0.00356879
0.00367361
0.00352577
0.00338110
0.00337803
0.00336072
0.00338384
0.00336277
0.00336049
0.00334537
0.00341352
0.00335626
0.00336617
0.00335630
0.00335193
0.00335287
0.00337077
0.00335202
0.00334453
0.00335824
0.00337729
0.00336195
0.00336652
0.00338211
0.00334668
0.00345603
0.00335994
0.00336189
0.00347777
0.00336566
0.00334387
0.00335621
0.00337034
0.00336400
