0.00078268
0.00065737
0.00067284
0.00062688
0.00068077
0.00135684
0.00067446
0.00130857
0.00064343
0.00249249
0.00064818
0.00193390
0.00066040
0.00070511
0.00069001
0.00064926
0.00065131
0.00127807
0.00319618
0.00130686
0.00063794
0.00501354
0.00250797
0.00063522
0.00066971
0.00063057
0.00186536
0.00062702
0.00310231
0.00304254
0.00241123
0.00486652
0.00364902
0.00062151
0.00064673
0.00064787
0.00425593
0.00302028
0.00125884
0.00065136
0.00973547
0.00062729
0.00064718
0.00370053
0.00369246
0.00310002
0.00365176
0.00365357
0.00187631
0.00187903
0.00433721
0.00186053
0.00185987
0.00065558
0.00065276
0.00377604
0.00127435
0.00186728
0.00248890
0.00067634
0.00062374
0.00065352
0.00377218
0.00561863
0.00161157
0.00133489
0.00248928
0.00066577
0.00127240
0.00428638
0.00307380
0.00126541
0.00065346
0.00127274
0.00064222
0.00065033
0.00554256
0.00479030
0.00248006
0.00187922
0.00187496
0.00254420
0.00251911
0.00189324
0.00547145
0.01210090
0.00369813
0.00255885
0.00130157
0.00494400
0.00486556
0.00063286
0.00126795
0.00064231
0.00309696
0.00127599
0.00122545
0.00128531
0.00066133
0.00064100
0.00064415
0.00127437
0.00125503
0.00063162
0.00062730
0.00062382
0.00191266
0.00126253
0.00125702
0.00126601
0.00249088
0.00246058
0.00191194
0.00189111
0.00311805
0.00189651
0.00126106
0.00063861
0.00187304
0.00123443
0.00126114
0.00310913
0.00185298
0.00068533
0.00125544
0.00247216
0.00064432
0.00064915
0.00065335
0.00064276
0.00126727
0.00067084
0.00066814
0.00062553
0.00066402
0.00063923
0.00064043
0.00064202
0.00187490
0.00126607
0.00122276
0.00128496
0.00064026
0.00127823
0.00300850
0.00122346
0.00129354
0.00063961
0.00063978
0.00064262
0.00064152
0.00064246
0.00064356
0.00064446
0.00069309
0.00370982
0.00191301
0.00067441
0.00063024
0.00064262
0.00067981
0.00064608
0.00187428
0.00062895
0.00062814
0.00062576
0.00183408
0.00254671
0.00187007
0.00307591
0.00480326
0.00304800
0.00359916
0.00065457
0.00255065
0.00188513
0.00246317
0.00245672
0.00313298
0.00305293
0.00241073
0.00062773
0.00066773
0.00066534
0.00127190
0.00069011
0.00064350
0.00611877
0.00967489
0.00065300
0.00131671
0.00126461
0.00065230
0.00064953
0.00064599
0.00249817
0.00128337
0.00195284
0.00151185
0.00067615
0.00069989
0.00065845
0.00065332
0.00187990
0.00127079
0.00065453
0.00065188
0.00312331
0.00068314
0.00127695
0.00126389
0.00064898
0.00064892
0.00064298
0.00064373
0.00127734
0.00126858
0.00248543
0.00126012
0.00303752
0.00188014
0.00422602
0.00311548
0.00376003
0.00129830
0.00123003
0.00063362
0.00187742
0.00064702
0.00064308
0.00064887
0.00379590
0.00066292
0.00186129
0.00185118
0.00189672
0.00252957
0.00064702
0.00064699
0.00255256
0.00183206
0.00063082
0.00730990
0.00546081
0.00249808
0.00126357
0.00065726
0.00857842
0.00368082
0.00370506
0.00980014
0.00677479
0.00000000
0.00000000
0.00000000
0.00000000
0.00050394
0.00052127
0.00055097
0.00052303
0.00052239
0.00102274
0.00101965
0.00151452
0.00109711
0.00111020
0.00359210
0.00196278
0.00099148
0.00168193
0.00103233
0.00639499
0.00102769
0.00102734
0.00053916
0.00051068
0.00052698
0.00214823
0.00100253
0.00103338
0.00052300
0.00052370
0.00052838
0.00052379
0.00052492
0.00052355
0.00102866
0.00052362
0.00052739
0.00152723
0.00055339
0.00109244
0.00103733
0.00199552
0.00050984
0.00055209
0.00105464
0.00052311
0.00052185
0.00152061
0.00102919
0.00103917
0.00052253
0.00151666
0.00104287
0.00150328
0.00150958
0.00099686
0.00056579
0.00052870
0.00052073
0.00052527
0.00101877
0.00053576
0.00051066
0.00052860
0.00052294
0.00052231
0.00200916
0.00103105
0.00249563
0.00204252
0.00199863
0.00053883
0.00052331
0.00051661
0.00200026
0.00973118
0.00055419
0.00053766
0.00053303
0.00052897
0.00154150
0.00052701
0.00101742
0.00256332
0.00050966
0.00050758
0.00051772
0.00052415
0.00156988
0.00387140
0.00290748
0.00254891
0.00202215
0.00200557
0.00202552
0.00201668
0.00151957
0.00055075
0.00207427
0.00149357
0.00390703
0.00055364
0.00251474
0.00349847
0.00051708
0.00250191
0.00147671
0.00152528
0.00153106
0.00788486
0.00051005
0.00052891
0.00052213
0.00306018
0.00055204
0.00202329
0.00157857
0.00256451
0.00242398
0.00354834
0.00301019
0.00102934
0.00301279
0.00343276
0.00302341
0.00200880
0.00152094
0.00051668
0.00206390
0.00394142
0.00051317
0.00153759
0.00201797
0.00104325
0.00253451
0.00200759
0.00391769
0.00346669
0.00195555
0.00152780
0.00347979
0.00344286
0.00299742
0.00243864
0.00053090
0.00107606
0.00053104
0.00052373
0.00204219
0.00052414
0.00102605
0.00394296
0.00266014
0.00428723
0.00496103
0.00055521
0.00147523
0.00152910
0.00050991
0.00202412
0.00252196
0.00437003
0.00200700
0.00053779
0.00151826
0.00151160
0.00102659
0.00102089
0.00053209
0.00052622
0.00055154
0.00350457
0.00398857
0.00100099
0.00102312
0.00158913
0.00103324
0.00102280
0.00053517
0.00055039
0.00054664
0.00103172
0.00200348
0.00201224
0.00204887
0.00292576
0.00301374
0.00052924
0.00151980
0.00051823
0.00053907
0.00052338
0.00052524
0.00052555
0.00103358
0.00200925
0.00055445
0.00051406
0.00055159
0.00052451
0.00053356
0.00151478
0.00055341
0.00051028
0.00403715
0.00099403
0.00434112
0.00053322
0.00052382
0.00203370
0.00052248
0.00102182
0.00052781
0.00052963
0.00053301
0.00053160
0.00201550
0.00052469
0.00052509
0.00053450
0.00052315
0.00052495
0.00152110
0.00152506
0.00152821
0.00051025
0.00052993
0.00351608
0.00296011
0.00051052
0.00053738
0.00054958
0.00054874
0.00053489
0.00209262
0.00057052
0.00054122
0.00052534
0.00103341
0.00104135
0.00053426
0.00052433
0.00152817
0.00206441
0.00051222
0.00196672
0.00202318
0.00051074
