0.00029952
0.00024900
0.00024708
0.00024681
0.00024682
0.00025365
0.00023361
0.00036139
0.00034513
0.00027363
0.00046788
0.00050624
0.00045646
0.00067751
0.00217443
0.00060831
0.00071340
0.00048711
0.00069262
0.00088744
0.00068952
0.00153136
0.00105834
0.00069367
0.00145754
0.00065465
0.00085448
0.00190724
0.00114786
0.00090103
0.00264171
0.00142788
0.00105376
0.00105854
0.00065305
0.00085399
0.00111663
0.00023846
0.00023819
0.00059934
0.00025693
0.00044597
0.00066053
0.00046891
0.00093667
0.00024053
0.00130193
0.00105909
0.00045017
0.00288788
0.00145025
0.00173163
0.00150276
0.00023998
0.00166108
0.00105077
0.00128774
0.00084655
0.00085857
0.00066703
0.00049025
0.00045244
0.00368397
0.00054181
0.00183903
0.00223649
0.00146545
0.00088267
0.00067718
0.00065862
0.00044727
0.00047494
0.00024006
0.00025811
0.00045990
0.00070537
0.00085556
0.00070062
0.00065677
0.00065307
0.00085888
0.00065988
0.00086052
0.00067268
0.00065697
0.00065649
0.00200967
0.00195366
0.00107792
0.00086157
0.00110582
0.00106419
0.00049870
0.00044919
0.00065480
0.00068769
0.00086617
0.00127239
0.00192419
0.00065747
0.00151657
0.00023426
0.00207885
0.00086651
0.00146085
0.00209405
0.00085514
0.00126020
0.00072313
0.00087881
0.00086994
0.00023912
0.00023975
0.00046275
0.00067099
0.00086472
0.00065466
0.00066117
0.00145719
0.00086554
0.00146063
0.00066227
0.00060874
0.00067374
0.00137242
0.00065948
0.00045236
0.00046675
0.00067300
0.00046407
0.00170620
0.00023635
0.00024111
0.00024056
0.00045399
0.00047010
0.00088744
0.00198996
0.00043616
0.00024059
0.00024073
0.00045127
0.00044785
0.00050765
0.00045332
0.00024223
0.00110010
0.00092159
0.00109230
0.00146455
0.00240756
0.00168994
0.00168907
0.00146501
0.00130341
0.00105020
0.00065238
0.00088731
0.00108347
0.00203812
0.00065516
0.00064718
0.00065627
0.00064860
0.00023763
0.00046062
0.00025334
0.00000000
0.00000000
0.00000000
0.00000000
0.00039862
0.00028390
0.00058312
0.00027070
0.00027505
0.00052011
0.00075148
0.00127123
0.00074912
0.00027288
0.00031317
0.00027748
0.00226224
0.00028348
0.00027231
0.00027179
0.00028673
0.00029798
0.00000000
0.00000000
0.00000000
0.00000000
0.00033119
0.00037121
0.00030327
0.00058913
0.00058282
0.00085069
0.00085746
0.00139095
0.00112795
0.00112750
0.00112322
0.00325864
0.00219239
0.00166219
0.00139075
0.00087452
0.00087857
0.00283411
0.00116124
0.00064068
0.00085276
0.00087983
0.00084914
0.00087707
0.00087628
0.00092485
0.00117869
0.00089499
0.00085111
0.00085842
0.00112193
0.00165462
0.00058141
0.00085484
0.00111937
0.00114231
0.00117883
0.00085275
0.00064863
0.00091513
0.00063521
0.00087859
0.00061357
0.00058437
0.00116480
0.00115222
0.00089192
0.00085322
0.00113502
0.00085544
0.00060470
