0.00001415
0.00427233
0.00431669
0.00409738
0.00411744
0.00410591
0.00458748
0.00411263
0.00413499
0.00447047
0.00410266
0.00408702
0.00409714
0.00408703
0.00427249
0.00422955
0.00424080
0.00423038
0.00423870
0.00422815
0.00423069
0.00422916
0.00423880
0.00422578
0.00424255
0.00422392
0.00423874
0.00445515
0.00424646
0.00423189
0.00424064
0.00425537
0.00427309
0.00424307
0.00424218
0.00422755
0.00425469
0.00422625
0.00423990
0.00422675
0.00423749
0.00422626
0.00425469
0.00423091
0.00424138
0.00422631
0.00423770
0.00422740
0.00423693
0.00422411
0.00424098
0.00422675
0.00423333
0.00422802
0.00423776
0.00424464
0.00423757
0.00422188
0.00423954
0.00422647
0.00423896
0.00422743
0.00423822
0.00422466
0.00423726
0.00422512
0.00423577
0.00422501
0.00423865
0.00423267
0.00424868
0.00422760
0.00423751
0.00422402
0.00424054
0.00422796
0.00424109
0.00422937
0.00423803
0.00422431
0.00425200
0.00422557
0.00423908
0.00422700
0.00423465
0.00422305
0.00423474
0.00422321
0.00423981
0.00422657
0.00423788
0.00422747
0.00423938
0.00424686
0.00423976
0.00422582
0.00423911
0.00422680
0.00423911
0.00422713
0.00423808
0.00422499
0.00424182
0.00408544
0.00409902
0.00410427
0.00424982
0.00411793
0.00414429
0.00410416
0.00409653
0.00408314
0.00409565
0.00416590
0.00410392
0.00408606
0.00409622
0.00408038
0.00409451
0.00410248
0.00409806
0.00408623
0.00409975
0.00408476
0.00413680
0.00410590
0.00413255
0.00408722
0.00410069
0.00411896
0.00409864
0.00408428
0.00411316
0.00408715
0.00409643
0.00408398
0.00410621
0.00408625
0.00409907
0.00407893
0.00409461
0.00408616
0.00409612
0.00408230
0.00410054
0.00426424
0.00424886
0.00423864
0.00424429
0.00422662
0.00423783
0.00422384
0.00423867
0.00422425
0.00423631
0.00422429
0.00423292
0.00422485
0.00424175
0.00422887
0.00424882
0.00422808
0.00424268
0.00422693
0.00423740
0.00422355
0.00423514
0.00422631
0.00423749
0.00422370
0.00425878
0.00424411
0.00433235
0.00427013
0.00425078
0.00423381
0.00424279
0.00422397
0.00423836
0.00433044
0.00424287
0.00423462
0.00424821
0.00425419
0.00423944
0.00422657
0.00423634
0.00422547
0.00423299
0.00423204
0.00423854
0.00422447
0.00423234
0.00422343
0.00423548
0.00422781
0.00424910
0.00422446
0.00423834
0.00423029
0.00423649
0.00422567
0.00424207
0.00422617
0.00423844
0.00422658
0.00424279
0.00422980
0.00425455
0.00423030
0.00423970
0.00422340
0.00423659
0.00421640
0.00422555
0.00421585
0.00422451
0.00425197
0.00438433
0.00424670
0.00427799
0.00423751
0.00424939
0.00431303
0.00424818
0.00422810
0.00424124
0.00422224
0.00423862
0.00422512
0.00423582
0.00422717
0.00423567
0.00422859
0.00423721
0.00422635
0.00424337
0.00422895
0.00423918
0.00422525
0.00423911
0.00422800
0.00430132
0.00430145
0.00434215
0.00429864
0.00428866
0.00428059
0.00431018
0.00423876
0.00464345
0.00422960
0.00426206
0.00430526
0.00423857
0.00423729
0.00424819
0.00422933
0.00423732
0.00422630
0.00423881
0.00422280
0.00423424
0.00422395
0.00423445
0.00422200
0.00423886
0.00422458
0.00423535
0.00422757
0.00423622
0.00422908
0.00423182
0.00422720
0.00423455
0.00423149
0.00423802
0.00422809
0.00423252
0.00422669
0.00423692
0.00422218
0.00423511
0.00422062
0.00424590
0.00422650
0.00424067
0.00422474
0.00423403
0.00422694
0.00423654
0.00422173
0.00424397
0.00422866
0.00423911
0.00422557
0.00423865
0.00424350
0.00423656
0.00422895
0.00423856
0.00422310
0.00423712
0.00422594
0.00423690
0.00422696
0.00423941
0.00422901
0.00423589
0.00422761
0.00427783
0.00424320
0.00423695
0.00422825
0.00425159
0.00423613
0.00423793
0.00423450
0.00423714
0.00423237
0.00424113
0.00422610
0.00423763
0.00422768
0.00423973
0.00422510
0.00423708
0.00424300
0.00424969
0.00476137
0.00448401
0.00427531
0.00465554
0.00423072
0.00423789
0.00423973
0.00423799
0.00423072
0.00423606
0.00422466
0.00423436
0.00422771
0.00423809
0.00422880
0.00424250
0.00423426
0.00423837
0.00422957
0.00424696
0.00423814
0.00409814
0.00408357
0.00409849
0.00408403
0.00409533
0.00409091
0.00411267
0.00416646
0.00414407
0.00409323
0.00453637
0.00409745
0.00409810
0.00408560
0.00417664
0.00409051
0.00409944
0.00409506
0.00409999
0.00408231
0.00409852
0.00408193
0.00409660
0.00408519
0.00410845
0.00408507
0.00409607
0.00408553
0.00409227
0.00408279
0.00409404
0.00408660
0.00409996
0.00408617
0.00409237
0.00408600
0.00409578
0.00409865
0.00409872
0.00408554
0.00409770
0.00408337
0.00409815
0.00408465
0.00409640
0.00408342
0.00409703
0.00408357
0.00409567
0.00408573
0.00410810
0.00408809
0.00409701
0.00408565
0.00412670
0.00425487
0.00428789
0.00423267
0.00423966
0.00424051
0.00424089
0.00422780
0.00423876
0.00424027
0.00423475
