0.00044742
0.00027726
0.00033327
0.00057120
0.00027004
0.00027020
0.00079740
0.00028909
0.00052823
0.00053476
0.00053953
0.00090957
0.00083717
0.00080042
0.00084322
0.00108577
0.00103711
0.00084870
0.00107340
0.00152872
0.00140831
0.00108421
0.00131907
0.00158478
0.00128659
0.00129061
0.00137666
0.00103645
0.00132005
0.00111931
0.00079903
0.00055079
0.00055158
0.00054255
0.00054248
0.00110777
0.00137793
0.00137401
0.00129826
0.00129022
0.00158977
0.00134314
0.00130361
0.00110922
0.00127162
0.00130537
0.00129532
0.00106093
0.00101429
0.00126279
0.00077368
0.00079234
0.00079103
0.00053998
0.00079784
0.00078932
0.00079255
0.00107546
0.00081060
0.00105082
0.00078909
0.00079108
0.00081466
0.00130388
0.00129349
0.00104500
0.00128787
0.00104535
0.00105017
0.00103850
0.00106157
0.00139712
0.00125793
0.00106518
0.00125464
0.00127734
0.00105891
0.00079451
0.00104184
0.00053957
0.00029902
0.00107334
0.00106778
0.00154713
0.00153229
0.00129052
0.00154627
0.00178494
0.00166362
0.00161172
0.00174343
0.00156487
0.00157614
0.00174466
0.00154597
0.00159074
0.00133826
0.00103714
0.00108297
0.00104077
0.00103980
0.00104875
0.00105019
0.00107094
0.00108063
0.00079728
0.00104045
0.00105029
0.00081331
0.00079213
0.00082900
0.00132606
0.00107170
0.00108939
0.00102415
0.00104147
0.00130413
0.00104929
0.00108963
0.00104844
0.00133452
0.00104056
0.00106895
0.00107566
0.00109043
0.00106405
0.00112161
0.00133051
0.00079480
0.00108372
0.00078778
0.00054367
0.00079503
0.00106979
0.00054396
0.00104192
0.00111274
0.00129462
0.00161072
0.00134965
0.00139026
0.00163321
0.00158970
0.00160393
0.00153956
0.00154423
0.00158420
0.00125801
0.00150500
0.00126170
0.00106113
0.00077209
0.00075014
0.00076801
0.00027551
0.00052640
0.00083316
0.00080351
0.00079284
0.00078825
0.00079193
0.00079858
0.00055469
0.00080913
0.00081947
0.00079168
0.00079190
0.00104575
0.00108934
0.00104172
0.00134033
0.00104522
0.00129114
0.00106075
0.00103674
0.00077759
0.00084296
0.00109090
0.00053942
0.00080321
0.00104539
0.00107526
0.00129718
0.00104053
0.00104621
0.00129623
0.00054950
0.00106665
0.00079785
0.00055464
0.00079517
0.00105165
0.00082786
0.00083163
0.00119100
0.00080319
0.00084109
0.00054256
0.00083842
0.00081701
0.00081786
0.00107837
0.00107381
0.00136422
0.00130107
0.00155088
0.00130556
0.00154644
0.00179254
0.00210264
0.00132746
0.00213226
0.00187508
0.00203037
0.00153835
0.00204620
0.00153536
0.00132562
0.00130901
0.00077969
0.00085415
0.00106486
0.00079503
0.00084180
0.00107572
0.00133149
0.00205575
0.00132540
0.00077289
0.00148246
0.00152385
0.00078812
0.00303539
0.00057712
0.00058999
0.00132259
0.00205613
0.00084771
0.00107674
0.00184245
0.00156266
0.00184313
0.00129413
0.00174947
0.00132928
0.00174950
0.00150407
0.00158178
0.00154456
0.00136117
0.00159809
0.00159412
0.00104478
0.00155166
0.00028354
0.00224786
0.00056280
0.00027944
0.00104972
0.00111919
0.00133819
0.00154280
0.00130220
0.00130366
0.00151146
0.00126712
0.00184648
0.00154939
0.00184693
0.00162034
0.00173168
0.00173995
0.00179508
0.00162753
0.00131881
0.00161958
0.00154080
0.00129653
0.00079670
0.00107343
0.00107546
0.00108757
0.00080902
0.00082549
0.00112252
0.00083903
0.00079840
0.00104880
0.00080551
0.00080920
0.00082470
0.00081750
0.00082526
0.00056132
0.00055742
0.00081316
0.00055991
0.00081568
0.00056001
0.00081709
0.00055364
0.00061623
0.00054559
0.00080532
0.00083722
0.00082051
0.00082178
0.00081761
0.00083604
0.00080252
0.00079579
0.00299597
0.00331508
0.00245892
0.00286141
0.00267328
0.00190701
0.00202897
0.00194473
0.00172312
0.00170706
0.00123765
0.00099263
0.00080506
0.00075459
0.00026986
0.00077975
0.00077342
0.00078462
0.00079946
0.00101858
0.00106014
0.00100042
0.00103881
0.00124895
0.00130030
0.00135309
0.00104368
0.00104284
0.00104403
0.00102081
0.00080667
0.00102246
0.00078151
0.00079809
0.00028780
0.00028766
0.00185978
0.00174470
0.00179870
0.00179634
0.00150553
0.00161197
0.00178762
0.00108444
0.00107340
0.00055313
0.00104603
0.00079335
0.00082054
0.00081857
0.00104808
0.00056416
0.00134826
0.00103808
0.00135576
0.00154737
0.00152004
0.00160660
0.00153908
0.00187115
0.00179875
0.00178256
0.00183257
0.00129756
0.00130128
0.00134960
0.00080462
0.00106878
0.00123927
0.00106295
0.00081061
0.00079590
0.00086249
0.00080060
0.00087351
0.00080563
0.00054718
0.00030531
0.00029637
0.00030057
0.00109743
0.00000000
0.00000000
0.00000000
0.00000000
0.00027913
0.00022725
0.00044198
0.00062636
0.00061877
0.00044951
0.00042686
0.00042540
