0.00001397
0.00104705
0.00104206
0.00103574
0.00105407
0.00105316
0.00104873
0.00104489
0.00103544
0.00103439
0.00104611
0.00105781
0.00104781
0.00103562
0.00103504
0.00103520
0.00103463
0.00103480
0.00103839
0.00103504
0.00103409
0.00103406
0.00103398
0.00103328
0.00000000
0.00000000
0.00000000
0.00000000
0.00001244
0.00115645
0.00114941
0.00114795
0.00115537
0.00114935
0.00114824
0.00115530
0.00114959
0.00115038
0.00114782
0.00115252
0.00114783
0.00114812
0.00115598
0.00114900
0.00114884
0.00115383
0.00116391
0.00114983
0.00114802
0.00114899
0.00115163
0.00116135
0.00124846
0.00115524
0.00115059
0.00115617
0.00114830
0.00120186
0.00115142
0.00115420
0.00114795
0.00000000
0.00000000
0.00000000
0.00000000
0.00001237
0.00116854
0.00116797
0.00117320
0.00116663
0.00116726
0.00116725
0.00117038
0.00116718
0.00116615
0.00118019
0.00116710
0.00116695
0.00117130
0.00116648
0.00116595
0.00117194
0.00116829
0.00116680
0.00116583
0.00117290
0.00116640
0.00116713
0.00117118
0.00116648
0.00116724
0.00117133
0.00116616
0.00116777
0.00116721
0.00117146
0.00116644
0.00116750
0.00117211
0.00116706
0.00116791
0.00117247
0.00116603
0.00116661
0.00116678
0.00117349
0.00116569
0.00116732
0.00117125
0.00116772
0.00116668
0.00117337
0.00116591
0.00116681
0.00116668
0.00117195
0.00116684
0.00116599
0.00117434
0.00116688
0.00116733
0.00117235
0.00116621
0.00116681
0.00117448
0.00117194
0.00116686
0.00116680
0.00117236
0.00116690
0.00116660
0.00117217
0.00116714
0.00116646
0.00116657
0.00117183
0.00116576
0.00116720
0.00117220
0.00000000
0.00000000
0.00000000
0.00000000
0.00001171
0.00116766
0.00116445
0.00116161
0.00116080
0.00116007
0.00116091
0.00116165
0.00116602
0.00116107
0.00117203
0.00116900
0.00115986
0.00000000
0.00000000
0.00000000
0.00000000
0.00000972
0.00103117
0.00103872
0.00103151
0.00103016
0.00103177
0.00108108
0.00103371
0.00103109
0.00103058
0.00103138
0.00103133
0.00103195
0.00102889
0.00103177
0.00103174
0.00102969
0.00103075
0.00103068
0.00102913
0.00103046
0.00102982
0.00000000
0.00000000
0.00000000
0.00000000
0.00001108
0.00115569
0.00116118
0.00115274
0.00115267
0.00115911
0.00115214
0.00115160
0.00115881
0.00115351
0.00115350
0.00129986
0.00116143
0.00115331
0.00115329
0.00115779
0.00115318
0.00116358
0.00116106
0.00115324
0.00115415
0.00115248
0.00115863
0.00115231
0.00115418
0.00115822
0.00115900
0.00115420
0.00115808
0.00115178
0.00115402
0.00115286
0.00115856
0.00115169
0.00115426
0.00115987
0.00000000
0.00000000
0.00000000
0.00000000
0.00001135
0.00095324
0.00095198
0.00095808
0.00098812
0.00098281
0.00091014
0.00093469
0.00102481
0.00102374
0.00102949
0.00102310
0.00102454
0.00102963
0.00102359
0.00102406
0.00103931
0.00102423
0.00102518
0.00102576
0.00102378
0.00102436
0.00102366
0.00102471
0.00102294
0.00102341
0.00102455
0.00102447
0.00102343
0.00102385
0.00102602
0.00102588
0.00102442
0.00103382
0.00104261
0.00103368
0.00102667
0.00102361
