0.00001508
0.00122580
0.00123331
0.00126939
0.00123337
0.00123165
0.00128290
0.00127182
0.00122544
0.00121979
0.00121748
0.00121604
0.00121416
0.00122015
0.00121445
0.00121371
0.00121425
0.00121533
0.00122739
0.00122770
0.00122681
0.00122610
0.00122586
0.00122631
0.00123160
0.00123126
0.00123113
0.00123197
0.00123118
0.00123198
0.00123001
0.00122660
0.00122565
0.00118562
0.00118620
0.00118582
0.00118447
0.00118530
0.00118490
0.00120073
0.00128930
0.00120174
0.00118748
0.00118709
0.00118644
0.00118919
0.00118642
0.00000000
0.00000000
0.00000000
0.00000000
0.00001259
0.00253258
0.00253051
0.00253093
0.00252436
0.00253168
0.00252560
0.00252917
0.00252965
0.00252406
0.00252978
0.00253195
0.00252538
0.00252902
0.00252890
0.00252665
0.00252927
0.00253004
0.00252552
0.00253105
0.00253002
0.00252528
0.00253026
0.00253100
0.00252399
0.00253026
0.00252865
0.00252570
0.00253031
0.00252480
0.00250378
0.00184175
0.00183927
0.00000000
0.00000000
0.00000000
0.00000000
0.00001447
0.00142022
0.00141207
0.00142978
0.00139923
0.00139771
0.00139640
0.00139501
0.00139456
0.00139589
0.00139491
0.00139399
0.00139922
0.00140189
0.00140009
0.00139996
0.00139932
0.00140134
0.00139429
0.00139381
0.00139739
0.00139504
0.00140018
0.00139597
0.00139670
0.00139625
0.00139559
0.00139496
0.00140065
0.00141030
0.00140053
0.00140097
0.00140027
0.00139974
0.00139550
0.00139397
0.00139424
0.00139369
0.00139347
0.00139613
0.00139898
0.00144502
0.00144364
0.00144989
0.00144883
0.00144886
0.00144884
0.00144279
0.00144572
0.00144336
0.00144326
0.00144265
0.00144908
0.00144929
0.00144861
0.00144282
0.00148045
0.00148192
0.00151766
0.00144630
0.00144958
0.00145178
0.00144923
0.00144431
0.00144714
0.00144479
0.00144696
0.00144418
0.00144456
0.00144990
0.00145006
0.00145066
0.00145176
0.00144425
0.00144512
0.00144599
0.00144515
0.00144406
0.00144315
0.00144547
0.00144799
0.00144937
0.00144914
0.00144881
0.00144327
0.00144324
0.00144401
0.00144396
0.00144413
0.00144365
0.00144403
0.00156696
0.00149171
0.00146646
0.00144660
0.00144815
0.00144538
0.00144425
0.00144420
0.00144172
0.00000000
0.00000000
0.00000000
0.00000000
0.00001348
0.00238095
0.00236295
0.00238156
0.00235986
0.00236020
0.00236396
0.00236674
0.00235916
0.00236457
0.00236700
0.00236381
0.00236328
0.00237581
0.00237775
0.00236210
0.00000000
0.00000000
0.00000000
0.00000000
0.00001494
0.00263761
0.00262443
0.00260730
0.00261563
0.00260921
0.00261055
0.00261120
0.00253054
0.00252057
0.00253082
0.00252584
0.00252434
0.00252073
0.00253758
0.00252356
