0.01688325
0.00211431
0.00216054
0.00215811
0.00205741
0.00211197
0.00207860
0.00206522
0.00207421
0.00205433
0.00204491
0.00207770
0.00211229
0.00207738
0.00201318
0.00208580
0.00200229
0.00205504
0.00205331
0.00200098
0.00206831
0.00205708
0.00202644
0.00206278
0.00210038
0.00205303
0.00206273
0.00199861
0.00211321
0.00204556
0.00210720
0.00207234
0.00198051
0.00205033
0.00205682
0.00200221
0.00204808
0.00205859
0.00200356
0.00207168
0.00204799
0.00211227
0.00205452
0.00200102
0.00210303
0.00206255
0.00206341
0.00205377
0.00209580
0.00202756
0.00200220
0.00205158
0.00206707
0.00208110
0.00207811
0.00208690
0.00206804
0.00199802
0.00205861
0.00205333
0.00206834
0.00206231
0.00201059
0.00208929
0.00205620
0.00205908
0.00204807
0.00208872
0.00205218
0.00199790
0.00211878
0.00207333
0.00200385
0.00210103
0.00208191
0.00205445
0.00205599
0.00208116
0.00207535
0.00208254
0.00200321
0.00210901
0.00205265
0.00206852
0.00209057
0.00210157
0.00206505
0.00205628
0.00201415
0.00205647
0.00205111
0.00206819
0.00212396
0.00206411
0.00217221
0.00206188
0.00211038
0.00205595
0.00205200
0.00206810
0.00207927
0.00207527
0.00206750
0.00206180
0.00205577
0.00205279
0.00205366
0.00206860
0.00206555
0.00207421
0.00212434
0.00205499
0.00205469
0.00204998
0.00204209
0.00205150
0.00199695
0.00208541
0.00206176
0.00211658
0.00206155
0.00211803
0.00207619
0.00199882
0.00209466
0.00206911
0.00211166
0.00210877
0.00206401
0.00205975
0.00200447
0.00208456
0.00203556
0.00219826
0.00206136
0.00207086
0.00205892
0.00205441
0.00200757
0.00205323
0.00207120
0.00206329
0.00206781
0.00203089
0.00204303
0.00206007
0.00207378
0.00211297
0.00207061
0.00206933
0.00206336
0.00205855
0.00205300
0.00204679
0.00205699
0.00213137
0.00206971
0.00207550
0.00200971
0.00209740
0.00205559
0.00205296
0.00205497
0.00207045
0.00206470
0.00206475
0.00206403
0.00205959
0.00205471
0.00205926
0.00205955
0.00204923
0.00206734
0.00206910
0.00211536
0.00208714
0.00208291
0.00208583
0.00211055
0.00205686
0.00206729
0.00206630
0.00208379
0.00205950
0.00211314
0.00208921
0.00204895
0.00205755
0.00208434
0.00206426
0.00209820
0.00208339
0.00206515
0.00206476
0.00205866
0.00213675
0.00212950
0.00204543
0.00205027
0.00207064
0.00207004
0.00206649
0.00206762
0.00205435
0.00205883
0.00206684
0.00208721
0.00204694
0.00207391
0.00205916
0.00206610
0.00214413
0.00207962
0.00206765
0.00208072
0.00205328
0.00205710
0.00210243
0.00211371
0.00205365
0.00211879
0.00206669
0.00205643
0.00206153
0.00209610
0.00205885
0.00205714
0.00205135
