0.00002155
0.00118492
0.00109843
0.00102416
0.00102493
0.00102691
0.00102264
0.00101965
0.00105089
0.00105602
0.00107243
0.00108822
0.00105102
0.00085364
0.00069299
0.00072141
0.00067442
0.00071444
0.00067904
0.00067841
0.00067847
0.00065396
0.00065679
0.00069537
0.00068562
0.00065428
0.00065654
0.00063924
0.00064079
0.00063690
0.00068426
0.00067298
0.00065694
0.00065363
0.00065549
0.00065356
0.00065581
0.00069334
0.00065588
0.00065312
0.00065575
0.00065317
0.00066026
0.00065459
0.00000000
0.00000000
0.00000000
0.00000000
0.00000958
0.00104554
0.00099711
0.00104300
0.00097540
0.00104666
0.00099285
0.00099738
0.00096813
0.00104528
0.00097491
0.00101667
0.00097421
0.00100991
0.00097433
0.00100968
0.00098580
0.00101634
0.00098010
0.00100860
0.00097504
0.00100832
0.00099156
0.00099152
0.00095013
0.00104493
0.00097453
0.00100947
0.00097365
0.00101016
0.00108228
0.00104878
0.00105211
0.00103711
0.00099988
0.00106942
0.00100165
0.00108282
0.00100104
0.00103703
0.00099433
0.00115608
0.00104671
0.00103667
0.00099999
0.00103512
0.00111379
0.00110292
0.00107989
0.00108721
0.00100174
0.00103944
0.00104188
0.00103653
0.00100089
0.00103619
0.00100107
0.00108184
0.00100013
0.00108321
0.00100131
0.00103723
0.00099999
0.00103782
0.00104070
0.00103576
0.00099544
0.00098493
0.00094988
0.00098406
0.00099372
0.00098902
0.00094979
0.00099217
0.00094986
0.00101387
0.00095056
0.00101133
0.00097450
0.00100971
0.00102844
0.00102693
0.00095365
0.00099806
0.00095098
0.00100875
0.00100813
0.00105755
0.00095014
0.00098902
0.00097465
0.00101020
0.00099192
0.00098421
0.00097218
0.00100950
0.00098074
0.00101040
0.00097512
0.00102944
0.00095043
0.00098883
0.00097442
0.00101788
0.00097641
0.00101113
0.00098248
0.00101460
0.00095897
0.00098522
0.00098669
0.00102118
0.00097605
0.00100958
0.00101023
0.00103137
0.00000000
0.00000000
0.00000000
0.00000000
0.00001009
0.00112718
0.00111344
0.00116804
0.00115153
0.00131320
0.00121060
0.00122189
0.00117767
0.00125460
0.00114217
0.00144492
0.00118760
0.00121954
0.00118050
0.00118589
0.00114202
0.00122883
0.00114029
0.00118717
0.00114648
0.00118573
0.00111401
0.00112676
0.00108500
0.00117856
0.00108437
0.00112665
0.00108457
0.00112752
0.00109280
0.00112617
0.00111414
0.00114295
0.00110656
0.00113858
0.00111136
0.00115535
0.00113481
0.00117047
0.00108861
0.00115378
0.00108536
0.00113027
0.00111186
0.00116289
0.00111245
0.00115520
0.00113949
0.00116956
0.00108435
0.00000000
0.00000000
0.00000000
0.00000000
0.00001056
0.00040957
0.00038970
0.00038802
0.00039911
0.00039773
0.00039912
0.00039839
0.00043968
0.00039853
0.00039801
0.00038924
0.00043211
0.00038879
0.00038770
0.00040253
0.00039867
0.00038826
0.00041002
0.00041420
0.00039940
0.00039815
0.00040305
0.00039813
0.00039774
0.00045292
0.00038851
0.00038850
0.00039336
0.00038818
0.00039961
0.00039748
0.00039888
0.00039780
0.00042465
0.00038914
0.00038781
0.00038826
0.00038748
0.00039867
0.00039752
0.00039742
0.00039807
0.00039766
0.00039895
0.00038793
0.00039331
0.00038815
