0.00000983
0.00106528
0.00106445
0.00105873
0.00105660
0.00105990
0.00116304
0.00138601
0.00114959
0.00111499
0.00111146
0.00114028
0.00111654
0.00111288
0.00114454
0.00124752
0.00117129
0.00111754
0.00111457
0.00113258
0.00111385
0.00115850
0.00111133
0.00117470
0.00111462
0.00115957
0.00111491
0.00115970
0.00111130
0.00116867
0.00111496
0.00111804
0.00111277
0.00112421
0.00105549
0.00105774
0.00105807
0.00105469
0.00105976
0.00105684
0.00106195
0.00105830
0.00106155
0.00105516
0.00105765
0.00121344
0.00105502
0.00105958
0.00105638
0.00105640
0.00105751
0.00106140
0.00105569
0.00106346
0.00105723
0.00000000
0.00000000
0.00000000
0.00000000
0.00008541
0.00105010
0.00088728
0.00089157
0.00088556
0.00088506
0.00088623
0.00088533
0.00088914
0.00088460
0.00088467
0.00088540
0.00088481
0.00088525
0.00088500
0.00089171
0.00088586
0.00088480
0.00088629
0.00088538
0.00088469
0.00088450
0.00088905
0.00088568
0.00088551
0.00088624
0.00088587
0.00088568
0.00088556
0.00089060
0.00088583
0.00088502
0.00090169
0.00088582
0.00088561
0.00088472
0.00088893
0.00088509
0.00089027
0.00088498
0.00088499
0.00093300
0.00088582
0.00088624
0.00088563
0.00088975
0.00088500
0.00088973
0.00088553
0.00088367
0.00088590
0.00088486
0.00089054
0.00088558
0.00088948
0.00088490
0.00088489
0.00088596
0.00088482
0.00088561
0.00088468
0.00088988
0.00088534
0.00088886
0.00088477
0.00088568
0.00088648
0.00088498
0.00088963
0.00088468
0.00089975
0.00088553
0.00088548
0.00088603
0.00088466
0.00088563
0.00088479
0.00088960
0.00088510
0.00088974
0.00093123
0.00088526
0.00088545
0.00088402
0.00088593
0.00088439
0.00089005
0.00088520
0.00089041
0.00095693
0.00088522
0.00088629
0.00088535
0.00088981
0.00088561
0.00088905
0.00088526
0.00088455
0.00088631
0.00088482
0.00088929
0.00088452
0.00089023
0.00088471
0.00088458
0.00107257
0.00088550
0.00088607
0.00088569
0.00098702
0.00093295
0.00097323
0.00093133
0.00093091
0.00093249
0.00093220
0.00093280
0.00093157
0.00097830
0.00098338
0.00097278
0.00093207
0.00093562
0.00093229
0.00093207
0.00090500
0.00088477
0.00089054
0.00088534
0.00089353
0.00088536
0.00088593
0.00088669
0.00088575
0.00088944
0.00088559
0.00092557
0.00088647
0.00088522
0.00088619
0.00088545
0.00092839
0.00088460
0.00092638
0.00088504
0.00088430
0.00096138
0.00088523
0.00088606
0.00088498
0.00089052
0.00088521
0.00088473
0.00088577
0.00088512
0.00089122
0.00088520
0.00088849
0.00088556
0.00088599
0.00088620
0.00088520
0.00089065
0.00088546
0.00089029
0.00088518
0.00088531
0.00088550
0.00088486
0.00089115
0.00088590
0.00088421
0.00088557
0.00088536
0.00092514
0.00088503
0.00088940
0.00088480
0.00088450
0.00088568
0.00088532
0.00088964
0.00088553
0.00088992
0.00088442
0.00088464
0.00088500
0.00088498
0.00088951
0.00088488
0.00088473
0.00088588
0.00088520
0.00089035
0.00088398
0.00092125
0.00088492
0.00088501
0.00088580
0.00088563
0.00089089
0.00088524
0.00088456
0.00088528
0.00088513
0.00090240
0.00088714
0.00089098
0.00088522
0.00088571
0.00088634
0.00088490
0.00089060
0.00088462
0.00088907
0.00088506
0.00088541
0.00088594
0.00088508
0.00089805
0.00088580
0.00088537
0.00102746
0.00088526
0.00088490
0.00088525
0.00089128
0.00088470
0.00088547
0.00088457
0.00088520
0.00098972
0.00111847
0.00100997
0.00093519
0.00093906
0.00095170
0.00093361
0.00093316
0.00093135
0.00092556
0.00092284
0.00092761
0.00100358
