1
173.00,102.00,36.00,89.00
173.00,102.00,36.00,89.00
173.00,102.00,36.00,89.00
173.00,102.00,36.00,89.00
173.00,102.00,36.00,89.00
173.00,102.00,36.00,89.00
173.00,102.00,36.00,89.00
173.00,102.00,36.00,89.00
173.00,102.00,36.00,89.00
173.00,102.00,36.00,89.00
173.00,102.00,36.00,89.00
173.00,102.00,36.00,89.00
173.00,102.00,36.00,89.00
173.00,102.00,36.00,89.00
173.00,102.00,36.00,89.00
173.00,102.00,36.00,89.00
173.00,102.00,36.00,89.00
173.00,102.00,36.00,89.00
173.00,102.00,36.00,89.00
173.00,102.00,36.00,89.00
173.00,102.00,36.00,89.00
173.00,102.00,36.00,89.00
173.00,102.00,36.00,89.00
173.00,102.00,36.00,89.00
173.00,102.00,36.00,89.00
173.00,102.00,36.00,89.00
2
0
0
0
0
1
206.00,117.00,40.00,87.00
206.00,117.00,40.00,87.00
206.00,117.00,40.00,87.00
206.00,117.00,40.00,87.00
206.00,117.00,40.00,87.00
206.00,117.00,40.00,87.00
206.00,117.00,40.00,87.00
2
0
0
0
0
1
119.00,49.00,37.00,86.00
119.00,49.00,37.00,86.00
119.00,49.00,37.00,86.00
119.00,49.00,37.00,86.00
119.00,49.00,37.00,86.00
119.00,49.00,37.00,86.00
119.00,49.00,37.00,86.00
119.00,49.00,37.00,86.00
119.00,49.00,37.00,86.00
119.00,49.00,37.00,86.00
119.00,49.00,37.00,86.00
119.00,49.00,37.00,86.00
119.00,49.00,37.00,86.00
119.00,49.00,37.00,86.00
119.00,49.00,37.00,86.00
119.00,49.00,37.00,86.00
119.00,49.00,37.00,86.00
119.00,49.00,37.00,86.00
119.00,49.00,37.00,86.00
119.00,49.00,37.00,86.00
119.00,49.00,37.00,86.00
119.00,49.00,37.00,86.00
119.00,49.00,37.00,86.00
2
0
0
0
0
1
197.00,70.00,38.00,86.00
197.00,70.00,38.00,86.00
197.00,70.00,38.00,86.00
197.00,70.00,38.00,86.00
197.00,70.00,38.00,86.00
197.00,70.00,38.00,86.00
197.00,70.00,38.00,86.00
197.00,70.00,38.00,86.00
197.00,70.00,38.00,86.00
197.00,70.00,38.00,86.00
197.00,70.00,38.00,86.00
197.00,70.00,38.00,86.00
197.00,70.00,38.00,86.00
2
0
0
0
0
1
203.00,51.00,37.00,86.00
203.00,51.00,37.00,86.00
203.00,51.00,37.00,86.00
203.00,51.00,37.00,86.00
203.00,51.00,37.00,86.00
203.00,51.00,37.00,86.00
203.00,51.00,37.00,86.00
203.00,51.00,37.00,86.00
203.00,51.00,37.00,86.00
203.00,51.00,37.00,86.00
203.00,51.00,37.00,86.00
203.00,51.00,37.00,86.00
203.00,51.00,37.00,86.00
203.00,51.00,37.00,86.00
203.00,51.00,37.00,86.00
203.00,51.00,37.00,86.00
203.00,51.00,37.00,86.00
203.00,51.00,37.00,86.00
203.00,51.00,37.00,86.00
203.00,51.00,37.00,86.00
203.00,51.00,37.00,86.00
203.00,51.00,37.00,86.00
203.00,51.00,37.00,86.00
203.00,51.00,37.00,86.00
203.00,51.00,37.00,86.00
203.00,51.00,37.00,86.00
203.00,51.00,37.00,86.00
203.00,51.00,37.00,86.00
203.00,51.00,37.00,86.00
203.00,51.00,37.00,86.00
203.00,51.00,37.00,86.00
203.00,51.00,37.00,86.00
203.00,51.00,37.00,86.00
203.00,51.00,37.00,86.00
203.00,51.00,37.00,86.00
203.00,51.00,37.00,86.00
203.00,51.00,37.00,86.00
203.00,51.00,37.00,86.00
203.00,51.00,37.00,86.00
203.00,51.00,37.00,86.00
203.00,51.00,37.00,86.00
203.00,51.00,37.00,86.00
203.00,51.00,37.00,86.00
203.00,51.00,37.00,86.00
203.00,51.00,37.00,86.00
203.00,51.00,37.00,86.00
203.00,51.00,37.00,86.00
2
0
0
0
0
1
112.00,71.00,36.00,87.00
112.00,71.00,36.00,87.00
112.00,71.00,36.00,87.00
112.00,71.00,36.00,87.00
112.00,71.00,36.00,87.00
112.00,71.00,36.00,87.00
112.00,71.00,36.00,87.00
112.00,71.00,36.00,87.00
112.00,71.00,36.00,87.00
112.00,71.00,36.00,87.00
112.00,71.00,36.00,87.00
112.00,71.00,36.00,87.00
112.00,71.00,36.00,87.00
112.00,71.00,36.00,87.00
112.00,71.00,36.00,87.00
112.00,71.00,36.00,87.00
112.00,71.00,36.00,87.00
112.00,71.00,36.00,87.00
112.00,71.00,36.00,87.00
112.00,71.00,36.00,87.00
112.00,71.00,36.00,87.00
112.00,71.00,36.00,87.00
112.00,71.00,36.00,87.00
112.00,71.00,36.00,87.00
112.00,71.00,36.00,87.00
2
0
0
0
0
1
185.00,80.00,27.00,67.00
185.00,80.00,27.00,67.00
185.00,80.00,27.00,67.00
185.00,80.00,27.00,67.00
185.00,80.00,27.00,67.00
185.00,80.00,27.00,67.00
185.00,80.00,27.00,67.00
185.00,80.00,27.00,67.00
2
0
0
0
0
1
202.00,137.00,24.00,61.00
202.00,137.00,24.00,61.00
202.00,137.00,24.00,61.00
202.00,137.00,24.00,61.00
202.00,137.00,24.00,61.00
202.00,137.00,24.00,61.00
202.00,137.00,24.00,61.00
202.00,137.00,24.00,61.00
202.00,137.00,24.00,61.00
202.00,137.00,24.00,61.00
202.00,137.00,24.00,61.00
202.00,137.00,24.00,61.00
202.00,137.00,24.00,61.00
202.00,137.00,24.00,61.00
202.00,137.00,24.00,61.00
2
0
0
0
0
1
118.00,131.00,25.00,59.00
118.00,131.00,25.00,59.00
2
0
0
0
0
1
59.00,74.00,25.00,59.00
59.00,74.00,25.00,59.00
59.00,74.00,25.00,59.00
59.00,74.00,25.00,59.00
2
0
0
0
0
1
103.00,24.00,24.00,59.00
103.00,24.00,24.00,59.00
2
0
0
0
0
1
153.00,62.00,24.00,58.00
153.00,62.00,24.00,58.00
153.00,62.00,24.00,58.00
2
0
0
0
0
1
227.00,107.00,25.00,57.00
227.00,107.00,25.00,57.00
227.00,107.00,25.00,57.00
227.00,107.00,25.00,57.00
2
0
0
0
0
1
251.00,134.00,27.00,59.00
251.00,134.00,27.00,59.00
2
0
0
0
0
1
183.00,140.00,24.00,59.00
183.00,140.00,24.00,59.00
2
0
0
0
0
1
62.00,103.00,24.00,58.00
62.00,103.00,24.00,58.00
62.00,103.00,24.00,58.00
62.00,103.00,24.00,58.00
62.00,103.00,24.00,58.00
62.00,103.00,24.00,58.00
62.00,103.00,24.00,58.00
62.00,103.00,24.00,58.00
62.00,103.00,24.00,58.00
62.00,103.00,24.00,58.00
62.00,103.00,24.00,58.00
62.00,103.00,24.00,58.00
62.00,103.00,24.00,58.00
62.00,103.00,24.00,58.00
62.00,103.00,24.00,58.00
62.00,103.00,24.00,58.00
62.00,103.00,24.00,58.00
62.00,103.00,24.00,58.00
62.00,103.00,24.00,58.00
62.00,103.00,24.00,58.00
62.00,103.00,24.00,58.00
62.00,103.00,24.00,58.00
62.00,103.00,24.00,58.00
62.00,103.00,24.00,58.00
62.00,103.00,24.00,58.00
62.00,103.00,24.00,58.00
62.00,103.00,24.00,58.00
62.00,103.00,24.00,58.00
62.00,103.00,24.00,58.00
62.00,103.00,24.00,58.00
62.00,103.00,24.00,58.00
62.00,103.00,24.00,58.00
62.00,103.00,24.00,58.00
62.00,103.00,24.00,58.00
62.00,103.00,24.00,58.00
62.00,103.00,24.00,58.00
2
0
0
0
0
1
138.00,119.00,24.00,58.00
2
0
0
0
0
1
209.00,91.00,25.00,57.00
209.00,91.00,25.00,57.00
209.00,91.00,25.00,57.00
209.00,91.00,25.00,57.00
209.00,91.00,25.00,57.00
209.00,91.00,25.00,57.00
2
0
0
0
0
1
145.00,88.00,23.00,58.00
145.00,88.00,23.00,58.00
145.00,88.00,23.00,58.00
145.00,88.00,23.00,58.00
2
0
0
0
0
1
120.00,110.00,23.00,58.00
120.00,110.00,23.00,58.00
2
0
0
0
0
1
209.00,98.00,24.00,60.00
209.00,98.00,24.00,60.00
209.00,98.00,24.00,60.00
209.00,98.00,24.00,60.00
209.00,98.00,24.00,60.00
209.00,98.00,24.00,60.00
209.00,98.00,24.00,60.00
209.00,98.00,24.00,60.00
209.00,98.00,24.00,60.00
209.00,98.00,24.00,60.00
2
0
0
0
0
1
143.00,130.00,24.00,59.00
143.00,130.00,24.00,59.00
2
0
0
0
0
1
63.00,51.00,23.00,60.00
63.00,51.00,23.00,60.00
63.00,51.00,23.00,60.00
63.00,51.00,23.00,60.00
63.00,51.00,23.00,60.00
63.00,51.00,23.00,60.00
2
0
0
0
0
1
150.00,48.00,22.00,59.00
150.00,48.00,22.00,59.00
150.00,48.00,22.00,59.00
150.00,48.00,22.00,59.00
150.00,48.00,22.00,59.00
150.00,48.00,22.00,59.00
150.00,48.00,22.00,59.00
150.00,48.00,22.00,59.00
150.00,48.00,22.00,59.00
150.00,48.00,22.00,59.00
150.00,48.00,22.00,59.00
150.00,48.00,22.00,59.00
150.00,48.00,22.00,59.00
150.00,48.00,22.00,59.00
150.00,48.00,22.00,59.00
