0.02346307
0.00348383
0.00353004
0.00349751
0.00349118
0.00347550
0.00346843
0.00345966
0.00349849
0.00352097
0.00347277
0.00345850
0.00346176
0.00346862
0.00346926
0.00346032
0.00344649
0.00345506
0.00346084
0.00346059
0.00347096
0.00346094
0.00345848
0.00345670
0.00345567
0.00345847
0.00347189
0.00345737
0.00000000
0.00000000
0.00000000
0.00000000
0.01342153
0.00206502
0.00206679
0.00204834
0.00203367
0.00204509
0.00204575
0.00205126
0.00205805
0.00000000
0.00000000
0.00000000
0.00000000
0.02010658
0.00305273
0.00304427
0.00304403
0.00304948
0.00304824
0.00304767
0.00306662
0.00304527
0.00304933
0.00304358
0.00304714
0.00304527
0.00305131
0.00309309
0.00307473
0.00304136
0.00304480
0.00304265
0.00304053
0.00303203
0.00303957
0.00303739
0.00304711
0.00304803
0.00000000
0.00000000
0.00000000
0.00000000
0.01700135
0.00258941
0.00257653
0.00258879
0.00258423
0.00258577
0.00257407
0.00257685
0.00256861
0.00258117
0.00258350
0.00259383
0.00257910
0.00258517
0.00257784
0.00000000
0.00000000
0.00000000
0.00000000
0.02009077
0.00305498
0.00304642
0.00304782
0.00304894
0.00304635
0.00304165
0.00304898
0.00304939
0.00304627
0.00305019
0.00303337
0.00304607
0.00303557
0.00303901
0.00303065
0.00303823
0.00303200
0.00304017
0.00304183
0.00305134
0.00303623
0.00303789
0.00304695
0.00304057
0.00303390
0.00304196
0.00303889
0.00305099
0.00304129
0.00305013
0.00304145
0.00304756
0.00303806
0.00304684
0.00313196
0.00306308
0.00304150
0.00304795
0.00304399
0.00305401
0.00304464
0.00305495
0.00304830
0.00305272
0.00304340
0.00306201
0.00304270
0.00304431
0.00000000
0.00000000
0.00000000
0.00000000
0.01285594
0.00195305
0.00193622
0.00194488
0.00193768
0.00193905
0.00193231
0.00194467
0.00193565
0.00193525
0.00193082
0.00194660
0.00193551
0.00193418
0.00193410
0.00194354
0.00196270
0.00194898
0.00195139
0.00197527
0.00194734
0.00195008
0.00193527
0.00195003
0.00194112
0.00193877
0.00193579
0.00000000
0.00000000
0.00000000
0.00000000
0.01399522
0.00208462
0.00207511
0.00206886
0.00208450
0.00208097
0.00207560
0.00207062
0.00208968
0.00207718
0.00000000
0.00000000
0.00000000
0.00000000
0.01205426
0.00181313
0.00181574
0.00180310
0.00180238
0.00180842
0.00181152
0.00180518
0.00182092
0.00180979
0.00180178
0.00180119
0.00181924
0.00181205
0.00180757
0.00179939
0.00181534
0.00000000
0.00000000
0.00000000
0.00000000
0.01203100
0.00179089
0.00178495
0.00177815
0.00000000
0.00000000
0.00000000
0.00000000
0.01185146
0.00178226
0.00178266
0.00179048
0.00178014
0.00177717
0.00000000
0.00000000
0.00000000
0.00000000
0.01180163
0.00176921
0.00176770
0.00176003
0.00000000
0.00000000
0.00000000
0.00000000
0.00949410
0.00143367
0.00141519
0.00142886
0.00142869
0.00000000
0.00000000
0.00000000
0.00000000
0.00887187
0.00133420
0.00130487
0.00128866
0.00128891
0.00128267
0.00000000
0.00000000
0.00000000
0.00000000
0.01192302
0.00181043
0.00181070
0.00179755
0.00000000
0.00000000
0.00000000
0.00000000
0.01134831
0.00170256
0.00172116
0.00170476
0.00000000
0.00000000
0.00000000
0.00000000
0.00913922
0.00138655
0.00138528
0.00138004
0.00138579
0.00136843
0.00138718
0.00137119
0.00138117
0.00138827
0.00138051
0.00137943
0.00137613
0.00137444
0.00139285
0.00137548
0.00137870
0.00137332
0.00139405
0.00137683
0.00138399
0.00136680
0.00137745
0.00137124
0.00138529
0.00137573
0.00138011
0.00137924
0.00137951
0.00137931
0.00137909
0.00136832
0.00138742
0.00137393
0.00137905
0.00137050
0.00142455
0.00138433
0.00000000
0.00000000
0.00000000
0.00000000
0.00930643
0.00137581
0.00138108
0.00000000
0.00000000
0.00000000
0.00000000
0.00860834
0.00129177
0.00128799
0.00129855
0.00128212
0.00129246
0.00128232
0.00129080
0.00000000
0.00000000
0.00000000
0.00000000
0.01030109
0.00154990
0.00154534
0.00155372
0.00153557
0.00154552
0.00000000
0.00000000
0.00000000
0.00000000
0.01027116
0.00154945
0.00153489
0.00155415
0.00000000
0.00000000
0.00000000
0.00000000
0.00778626
0.00119227
0.00117298
0.00119213
0.00117798
0.00118189
0.00116966
0.00118678
0.00118202
0.00118503
0.00119643
0.00118252
0.00000000
0.00000000
0.00000000
0.00000000
0.01139689
0.00171160
0.00170134
0.00169709
0.00000000
0.00000000
0.00000000
0.00000000
0.00901599
0.00137184
0.00135537
0.00136976
0.00135714
0.00136790
0.00136571
0.00136464
0.00000000
0.00000000
0.00000000
0.00000000
0.01145843
0.00171138
0.00171743
0.00171351
0.00170548
0.00172226
0.00170665
0.00170889
0.00171674
0.00171288
0.00170006
0.00172311
0.00170615
0.00170951
0.00171554
0.00174763
