0.00716784
0.00107286
0.00107966
0.00103528
0.00103358
0.00103023
0.00105767
0.00106246
0.00106019
0.00121537
0.00109218
0.00106433
0.00108929
0.00106595
0.00106455
0.00102968
0.00106472
0.00102965
0.00104030
0.00106899
0.00106805
0.00107961
0.00102272
0.00103275
0.00109796
0.00104882
0.00106009
0.00102927
0.00107078
0.00102962
0.00127900
0.00103428
0.00102407
0.00106039
0.00102687
0.00107936
0.00103181
0.00106916
0.00102977
0.00104634
0.00104346
0.00102714
0.00107641
0.00106161
0.00106228
0.00105611
0.00107802
0.00103354
0.00105866
0.00107195
0.00103391
0.00107731
0.00102644
0.00103103
0.00103376
0.00107072
0.00102595
0.00102916
0.00106558
0.00105521
0.00115942
0.00102960
0.00116734
0.00105536
0.00105655
0.00106621
0.00106636
0.00103242
0.00102509
0.00105569
0.00106256
0.00105924
0.00109513
0.00103228
0.00107356
0.00102968
0.00110613
0.00115517
0.00110654
0.00107842
0.00105855
0.00103597
0.00102755
0.00106127
0.00106827
0.00103043
0.00103334
0.00102643
0.00105353
0.00103161
0.00102262
0.00103383
0.00105704
0.00103671
0.00106387
0.00105581
0.00102726
0.00102801
0.00103222
0.00106916
0.00103216
0.00106602
0.00107110
0.00103218
0.00107922
0.00102975
0.00103929
0.00111597
0.00102738
0.00107457
0.00106753
0.00105662
0.00105952
0.00100537
0.00107160
0.00103191
0.00103466
0.00103310
0.00123442
0.00103329
0.00105189
0.00106827
0.00106396
0.00108161
0.00102625
0.00103003
0.00102865
0.00102981
0.00104348
0.00105660
0.00106383
0.00102888
0.00103177
0.00102712
0.00102574
0.00103579
0.00105436
0.00106300
0.00105953
0.00103482
0.00104909
0.00102844
0.00106657
0.00105670
0.00106067
0.00107643
0.00103476
0.00103110
0.00109880
0.00105432
0.00103554
0.00107567
0.00105736
0.00108427
0.00102835
0.00103314
0.00103237
0.00103343
0.00107494
0.00106440
0.00106873
0.00103284
0.00104834
0.00108284
0.00103236
0.00103212
0.00103294
0.00103673
0.00102654
0.00104084
0.00105676
0.00103803
0.00102973
0.00106975
0.00103308
0.00103327
0.00107841
0.00103384
0.00106080
0.00103381
0.00104325
0.00106078
0.00106028
0.00109415
0.00103416
0.00103841
0.00107746
0.00106095
0.00101017
0.00103845
0.00103447
0.00103476
0.00107616
0.00106131
0.00109090
0.00103556
0.00102962
0.00107048
0.00106008
0.00107350
0.00102502
0.00103303
0.00103327
0.00103597
0.00105937
0.00105466
0.00108140
0.00108255
0.00102800
0.00103175
0.00103074
0.00106774
0.00106304
0.00108494
0.00102884
0.00103434
0.00106210
0.00105928
0.00105760
0.00103469
0.00104293
0.00103322
0.00103764
0.00105803
0.00106484
0.00103865
0.00103141
0.00108927
0.00105954
0.00100856
0.00103559
0.00106827
0.00105682
0.00105774
0.00103995
0.00103498
0.00104848
0.00103184
0.00103301
0.00107390
0.00106250
0.00106494
0.00107730
0.00108345
0.00102621
0.00105019
0.00104255
0.00110282
0.00107263
0.00106019
0.00104253
0.00103254
0.00103045
0.00103314
0.00102844
0.00109508
0.00104617
0.00104049
0.00103145
0.00107792
0.00106126
0.00110622
0.00107099
0.00108571
0.00107840
0.00103642
0.00103803
0.00109056
0.00106398
0.00104093
0.00103150
0.00103943
0.00105395
0.00106292
0.00108545
0.00103328
0.00110015
0.00104511
0.00108445
0.00106391
0.00106111
0.00105778
0.00123402
0.00112643
0.00104598
0.00107669
0.00102669
0.00107147
0.00102563
0.00102994
0.00106890
0.00106716
0.00107349
0.00103248
0.00124539
0.00103333
0.00106292
0.00104095
0.00105486
0.00106755
0.00107039
0.00103005
0.00103195
0.00103188
0.00103564
0.00105934
0.00107175
0.00102932
0.00102843
0.00107608
0.00103122
0.00102957
0.00102752
0.00107103
0.00102808
0.00106504
0.00105477
0.00105688
0.00107368
0.00103243
0.00103752
0.00107247
0.00106212
0.00105047
0.00111965
0.00103091
0.00102820
0.00107723
0.00106578
0.00106619
0.00105954
0.00108030
0.00103114
0.00103757
0.00103320
0.00106013
0.00106225
0.00106330
0.00103077
0.00108614
0.00106598
0.00119140
0.00130843
0.00108895
0.00106631
0.00106830
0.00107835
0.00108049
0.00110867
0.00110895
0.00117822
0.00118509
0.00119844
0.00117507
0.00115647
0.00120481
0.00123943
0.00123627
0.00119388
0.00116325
0.00114263
0.00112505
0.00109457
0.00110118
0.00106569
0.00106543
0.00106112
0.00106395
0.00105848
0.00107696
0.00103635
0.00107971
0.00102879
0.00103261
