0.00657549
0.00098768
0.00097458
0.00097293
0.00097307
0.00097584
0.00097310
0.00097482
0.00097823
0.00104847
0.00113514
0.00103648
0.00107661
0.00102737
0.00102722
0.00102603
0.00102269
0.00107543
0.00103509
0.00106959
0.00103955
0.00102985
0.00102308
0.00102819
0.00102354
0.00102556
0.00103057
0.00102950
0.00104625
0.00097402
0.00104022
0.00097349
0.00097823
0.00098075
0.00097378
0.00098093
0.00097461
0.00102520
0.00101579
0.00102543
0.00101300
0.00098044
0.00097848
0.00120666
0.00097002
0.00097286
0.00097341
0.00097913
0.00098049
0.00097518
0.00098739
0.00099346
0.00097921
0.00097617
0.00098130
0.00097324
0.00100376
0.00098035
0.00098537
0.00101743
0.00099842
0.00100949
0.00097596
0.00098061
0.00097335
0.00104656
0.00100376
0.00098509
0.00097561
0.00097390
0.00098921
0.00099995
0.00100186
0.00104947
0.00102167
0.00101844
0.00103275
0.00098467
0.00102158
0.00097750
0.00102354
0.00100161
0.00104365
0.00098198
0.00097763
0.00097592
0.00097543
0.00102472
0.00097802
0.00098190
0.00099506
0.00108329
0.00123845
0.00104506
0.00102762
0.00104735
0.00106919
0.00100062
0.00100964
0.00100195
0.00099883
0.00099874
0.00100233
0.00100217
0.00100161
0.00100749
0.00097579
0.00102854
0.00102476
0.00107851
0.00098821
0.00098007
0.00099897
0.00097765
0.00099989
0.00100226
0.00100219
0.00098257
0.00102287
0.00097974
0.00100466
0.00100918
0.00104578
0.00099458
0.00100179
0.00100835
0.00104509
0.00097178
0.00101807
0.00098564
0.00098913
0.00098250
0.00100120
0.00100741
0.00099566
0.00120598
0.00097287
0.00097501
0.00097922
0.00101539
0.00100305
0.00099571
0.00102425
0.00099603
0.00100454
0.00099660
0.00098599
0.00101822
0.00097701
0.00100189
0.00099836
0.00100385
0.00100332
0.00101832
0.00104456
0.00099299
0.00097448
0.00098450
0.00097732
0.00103219
0.00100390
0.00097809
0.00098111
0.00103647
0.00102313
0.00105875
0.00102930
0.00098243
0.00108791
0.00100632
0.00105849
0.00102712
0.00097750
0.00098484
0.00097409
0.00099968
0.00102139
0.00105433
0.00102182
0.00098068
0.00098892
0.00104171
0.00100557
0.00100805
0.00099567
0.00102730
0.00102334
0.00097906
0.00101307
0.00097772
0.00101919
0.00097745
0.00100472
0.00100392
0.00104574
0.00102040
0.00102127
0.00098534
0.00100459
0.00105089
0.00100601
0.00103268
0.00102409
0.00098305
0.00097788
0.00100890
0.00103236
0.00100762
0.00098592
0.00101830
0.00101806
0.00097820
0.00101611
0.00101127
0.00106611
0.00103682
0.00102081
0.00097612
0.00097911
0.00098520
0.00099768
0.00101183
0.00108578
0.00102816
0.00097911
0.00097728
0.00099602
0.00124930
0.00104672
0.00101926
0.00099168
0.00100208
0.00103394
0.00100429
0.00100890
0.00100134
0.00102177
0.00098413
0.00097445
0.00097875
0.00103408
0.00100411
0.00100858
0.00101588
0.00099875
0.00101048
0.00100346
0.00098182
0.00104939
0.00108192
0.00107706
0.00102984
0.00107503
0.00101455
0.00100149
0.00099893
0.00100727
0.00105431
0.00100717
0.00104772
0.00101699
0.00105129
0.00100820
0.00102468
0.00102037
0.00098070
0.00097790
0.00098282
0.00098699
0.00100465
0.00100078
0.00100542
0.00101280
0.00100994
0.00097724
0.00101948
0.00097999
0.00100430
0.00100452
0.00098101
0.00100751
0.00103434
0.00104833
0.00098440
0.00098002
0.00101292
0.00100493
0.00100583
0.00100491
0.00100342
0.00101195
0.00100703
0.00100495
0.00098175
0.00098633
0.00100210
0.00106523
0.00108525
0.00100145
0.00104751
0.00101518
0.00097817
0.00097935
0.00101432
0.00099938
0.00106509
0.00102560
0.00097702
0.00097817
0.00100116
0.00102068
0.00100406
0.00100873
0.00100739
0.00105605
0.00098000
0.00102235
0.00102805
0.00128113
0.00097811
0.00103081
0.00098010
0.00097532
0.00104748
0.00098254
0.00102579
0.00097532
0.00104877
0.00100149
0.00103715
0.00099992
0.00099952
0.00098101
0.00098412
0.00103889
0.00103146
0.00104578
0.00099977
0.00110832
0.00100156
0.00099828
0.00100161
0.00100616
0.00102502
0.00099770
0.00104792
0.00097899
0.00098456
0.00103444
0.00100405
0.00098078
0.00104504
0.00097288
0.00097899
0.00100802
0.00100241
0.00100553
0.00100443
0.00100453
0.00098115
0.00099211
0.00100323
0.00100395
0.00100905
0.00100029
0.00099090
0.00101438
0.00118219
0.00103078
0.00103698
0.00103328
0.00100972
0.00101579
0.00100350
