0.00001818
0.00385953
0.00185743
0.00110095
0.00103445
0.00102457
0.00101906
0.00168443
0.00107905
0.00102620
0.00102486
0.00102361
0.00087320
0.00067363
0.00071930
0.00067304
0.00071378
0.00067395
0.00072242
0.00067188
0.00068148
0.00067348
0.00067831
0.00067258
0.00067983
0.00067464
0.00067888
0.00067357
0.00067945
0.00067243
0.00067811
0.00067278
0.00068054
0.00067473
0.00071286
0.00066860
0.00067603
0.00066827
0.00066959
0.00067355
0.00067346
0.00067702
0.00067522
0.00067316
0.00000000
0.00000000
0.00000000
0.00000000
0.00000919
0.00105884
0.00097679
0.00104574
0.00098190
0.00101413
0.00097993
0.00101230
0.00097482
0.00101255
0.00097439
0.00101748
0.00102735
0.00101934
0.00097428
0.00101305
0.00097454
0.00101330
0.00097916
0.00101388
0.00097880
0.00101258
0.00099008
0.00104349
0.00099974
0.00104486
0.00100146
0.00104339
0.00104235
0.00104121
0.00100418
0.00103851
0.00101822
0.00101265
0.00095115
0.00102187
0.00097486
0.00102040
0.00097421
0.00101795
0.00097646
0.00101365
0.00097326
0.00101386
0.00101618
0.00101395
0.00098056
0.00102112
0.00097487
0.00104385
0.00100299
0.00104076
0.00100142
0.00108056
0.00100964
0.00098852
0.00094274
0.00101314
0.00102077
0.00106965
0.00104077
0.00104198
0.00100115
0.00103799
0.00100417
0.00106019
0.00097402
0.00103473
0.00094178
0.00101345
0.00097342
0.00101191
0.00097870
0.00101396
0.00098092
0.00101961
0.00097489
0.00101221
0.00097624
0.00101682
0.00097450
0.00101641
0.00098277
0.00101172
0.00097405
0.00101398
0.00097964
0.00101146
0.00102774
0.00101404
0.00097371
0.00101248
0.00097498
0.00101776
0.00097191
0.00099239
0.00095676
0.00098768
0.00094907
0.00098725
0.00095087
0.00098724
0.00095268
0.00099526
0.00095660
0.00098768
0.00095000
0.00098634
0.00095091
0.00098753
0.00094868
0.00099367
0.00094986
0.00116809
0.00094946
0.00098837
0.00000000
0.00000000
0.00000000
0.00000000
0.00000997
0.00109313
0.00109476
0.00125589
0.00123702
0.00122307
0.00114473
0.00123340
0.00114281
0.00118681
0.00120755
0.00118714
0.00117899
0.00122395
0.00114265
0.00123153
0.00114193
0.00118561
0.00115016
0.00118541
0.00110293
0.00113238
0.00108624
0.00113194
0.00108591
0.00112614
0.00112843
0.00112726
0.00109254
0.00112647
0.00108533
0.00113391
0.00108631
0.00112984
0.00108514
0.00112672
0.00108954
0.00112584
0.00109253
0.00112598
0.00108560
0.00113119
0.00108495
0.00113041
0.00108563
0.00112639
0.00108945
0.00112717
0.00109207
0.00112583
0.00108545
0.00000000
0.00000000
0.00000000
0.00000000
0.00001030
0.00039157
0.00039061
0.00038838
0.00038915
0.00038816
0.00038903
0.00038826
0.00039247
0.00038814
0.00038845
0.00038939
0.00043159
0.00038973
0.00038835
0.00038778
0.00038952
0.00038868
0.00038893
0.00038821
0.00039425
0.00038847
0.00038923
0.00038890
0.00039633
0.00039142
0.00038843
0.00038810
0.00038858
0.00038828
0.00038884
0.00038770
0.00038823
0.00038905
0.00038842
0.00038834
0.00038881
0.00039358
0.00038804
0.00038829
0.00038915
0.00038819
0.00046472
0.00038820
0.00038853
0.00038907
0.00038854
0.00038860
