0.00000988
0.00080558
0.00080064
0.00080070
0.00080433
0.00091602
0.00084600
0.00096075
0.00088726
0.00085870
0.00095461
0.00095358
0.00097872
0.00102842
0.00110118
0.00099049
0.00099315
0.00105068
0.00102316
0.00102493
0.00102554
0.00102228
0.00102328
0.00106998
0.00104195
0.00108997
0.00108191
0.00108647
0.00108322
0.00109027
0.00109405
0.00108154
0.00103905
0.00103986
0.00104221
0.00103968
0.00103904
0.00104309
0.00113443
0.00114209
0.00110083
0.00113822
0.00109633
0.00109839
0.00109644
0.00109732
0.00135914
0.00113353
0.00110068
0.00109865
0.00109664
0.00113756
0.00109640
0.00114177
0.00111590
0.00109914
0.00109602
0.00109777
0.00110354
0.00109010
0.00104566
0.00104257
0.00104176
0.00104354
0.00110810
0.00109708
0.00109598
0.00114349
0.00111209
0.00112099
0.00104151
0.00104668
0.00104187
0.00104472
0.00104312
0.00110659
0.00113932
0.00109852
0.00114307
0.00109531
0.00104254
0.00104267
0.00104245
0.00108404
0.00104124
0.00108888
0.00104075
0.00108496
0.00104175
0.00104260
0.00104150
0.00104380
0.00104076
0.00103703
0.00103821
0.00103450
0.00104106
0.00103568
0.00103823
0.00107366
0.00104681
0.00104285
0.00104106
0.00104236
0.00104083
0.00104297
0.00104256
0.00104815
0.00104163
0.00104781
0.00104135
0.00104531
0.00104146
0.00104634
0.00104161
0.00104384
0.00104151
0.00104548
0.00104196
0.00104344
0.00104544
0.00104269
0.00104672
0.00104212
0.00104438
0.00104253
0.00104115
0.00104258
0.00104068
0.00104223
0.00120030
0.00109240
0.00104088
0.00104748
0.00104166
0.00104516
0.00104169
0.00104363
0.00104089
0.00104324
0.00104097
0.00104275
0.00104066
0.00104404
0.00104660
0.00104287
0.00104454
0.00104923
0.00104438
0.00104276
0.00104228
0.00104290
0.00104200
0.00104287
0.00104125
0.00104616
0.00104037
0.00108432
0.00104133
0.00104761
0.00104103
0.00104256
0.00104066
0.00104565
0.00104317
0.00104341
0.00104778
0.00104276
0.00104485
0.00104318
0.00104666
0.00104296
0.00104036
0.00104333
0.00104227
0.00104293
0.00104128
0.00104340
0.00104212
0.00104543
0.00104042
0.00104825
0.00104103
0.00104629
0.00104113
0.00104374
0.00104063
0.00104217
0.00104116
0.00104270
0.00104066
0.00104416
0.00104601
0.00104263
0.00109429
0.00104428
0.00104709
0.00104305
0.00104206
0.00104372
0.00104163
0.00104250
0.00104209
0.00104292
0.00104190
0.00104733
0.00104144
0.00107834
0.00104176
0.00114321
0.00104246
0.00104319
0.00104100
0.00104242
0.00104131
0.00104278
0.00104630
0.00104326
0.00104669
0.00104302
0.00104520
0.00104344
0.00000000
0.00000000
0.00000000
0.00000000
0.00008460
0.00105494
0.00110001
0.00105015
0.00109078
0.00104971
0.00104828
0.00104843
0.00104886
0.00104816
0.00104791
0.00105230
0.00104769
0.00108971
0.00104874
0.00105265
0.00104747
0.00104943
0.00104769
0.00104820
0.00104754
0.00104993
0.00105169
0.00105051
0.00105225
0.00104801
0.00105214
0.00104907
0.00105469
0.00104752
0.00104824
0.00104891
0.00104824
0.00104825
0.00105056
0.00105511
0.00104973
0.00108996
0.00110545
0.00110914
0.00111329
0.00115031
0.00117871
0.00121170
0.00124623
0.00128836
0.00132072
0.00129419
0.00127226
0.00131475
0.00132704
0.00127407
0.00122224
0.00120528
0.00116558
0.00117919
0.00117213
0.00116519
0.00113872
0.00113272
0.00113417
0.00113940
0.00113360
0.00113813
0.00110558
0.00110483
0.00110229
0.00110500
0.00115006
0.00110522
0.00114378
0.00110381
0.00110269
0.00110287
0.00110414
0.00116132
0.00110597
0.00110768
0.00104785
0.00104810
0.00104821
0.00105080
0.00104702
0.00104974
0.00104709
0.00104931
0.00105212
0.00104798
0.00107210
0.00104794
0.00104912
0.00104902
0.00104827
0.00104777
0.00104717
0.00116209
0.00132354
0.00115311
0.00110498
0.00110423
0.00110448
0.00110390
0.00110998
0.00110444
0.00110900
0.00110371
0.00110407
0.00110263
0.00110396
0.00109993
0.00103808
0.00099863
0.00103661
0.00104428
0.00103501
0.00099386
0.00098778
0.00098370
0.00097794
0.00091944
0.00091762
0.00092169
0.00091785
0.00091869
0.00081021
0.00081153
0.00084937
0.00080551
0.00080413
0.00080574
0.00081906
0.00082184
0.00082463
0.00082091
0.00082463
0.00082206
0.00081953
0.00082507
0.00081891
0.00082561
0.00081921
0.00082554
0.00000000
0.00000000
0.00000000
0.00000000
0.00000929
0.00033608
