0.03072915
0.00471300
0.00453746
0.00445137
0.00442586
0.00448593
0.00447837
0.00434972
0.00445262
0.00458183
0.00450571
0.00438069
0.00581266
0.00457388
0.00438486
0.00442979
0.00459603
0.00449127
0.00458475
0.00452597
0.00451788
0.00450782
0.00466049
0.00463831
0.00463712
0.00463005
0.00462166
0.00464217
0.00464172
0.00475385
0.00479342
0.00478617
0.00476543
0.00475807
0.00500690
0.00481914
0.00478778
0.00481426
0.00488116
0.00492123
0.00499679
0.00522413
0.00497326
0.00493917
0.00489940
0.00490573
0.00496191
0.00506666
0.00493525
0.00567504
0.00520003
0.00522064
0.00512794
0.00513791
0.00761442
0.00519127
0.00512301
0.00513005
0.00523330
0.00522609
0.00523153
0.00521427
0.00527358
0.00529506
0.00526035
0.00525612
0.00524439
0.00525022
0.00522491
0.00527939
0.00524474
0.00529521
0.00526976
0.00525143
0.00527158
0.00522324
0.00523301
0.00540299
0.00546877
0.00591555
0.00578029
0.00554194
0.00543595
0.00546009
0.00543448
0.00539875
0.00542608
0.00539508
0.00539641
0.00541482
0.00732995
0.00555976
0.00575474
0.00570879
0.00546531
0.00546616
0.00543778
0.00542563
0.00540123
0.00543660
0.00540312
0.00543844
0.00541872
0.00565320
0.00589210
0.00587550
0.00571445
0.00562902
0.00567783
0.00561078
0.00558559
0.00576979
0.00564266
0.00563234
0.00561257
0.00559258
0.00572853
0.00597338
0.00565751
0.00559043
0.00558821
0.00559714
0.00562565
0.00562114
0.00560472
0.00563725
0.00567863
0.00563223
0.00564028
0.00560375
0.00561271
0.00560369
0.00564686
0.00563430
0.00561394
0.00562284
0.00772928
0.00569862
0.00561380
0.00562578
0.00560261
0.00561098
0.00559699
0.00557358
0.00562211
0.00559626
0.00559868
0.00560823
0.00572359
0.00564761
0.00562723
0.00559527
0.00559819
0.00559913
0.00559936
0.00576095
0.00562771
0.00559681
0.00561210
0.00560467
0.00560964
0.00560388
0.00563573
0.00561945
0.00560772
0.00564576
0.00561455
0.00568628
0.00561346
0.00561704
0.00572094
0.00561947
0.00558616
0.00559511
0.00561739
0.00560424
0.00560754
0.00557243
0.00560686
0.00562647
0.00561380
0.00580587
0.00581036
0.00582043
0.00580063
0.00581810
0.00580814
0.00596107
0.00585738
0.00579937
0.00580939
0.00580170
0.00589841
0.00582883
0.00583366
0.00583330
0.00579666
0.00581919
0.00580196
0.00580240
0.00579088
0.00581290
0.00577387
0.00580547
0.00582641
0.00580855
0.00583246
0.00581324
0.00582188
0.00578012
0.00579928
0.00583816
0.00578000
0.00584510
0.00590858
0.00560159
0.00562658
0.00561324
0.00562532
0.00560267
0.00560797
0.00558914
0.00584830
0.00564094
0.00665267
0.00578871
0.00564346
0.00563982
0.00560485
0.00562554
0.00558052
0.00558750
0.00568358
0.00560670
0.00560594
0.00559531
0.00573960
0.00566277
0.00560571
0.00560214
0.00558854
0.00560900
0.00572670
0.00563850
0.00558039
0.00563178
0.00558167
0.00559378
0.00559502
0.00561045
0.00560226
0.00562513
0.00560059
0.00561607
0.00560233
0.00562126
0.00558894
0.00558842
0.00566551
0.00567528
0.00560227
0.00562382
0.00560932
0.00561168
0.00561435
0.00648120
0.00570649
0.00577958
0.00582526
0.00770961
0.00586267
0.00583579
0.00579152
0.00580794
0.00582691
0.00581620
0.00580184
0.00606855
0.00582783
0.00579898
0.00587954
0.00578099
0.00625974
0.00583781
0.00581981
0.00580748
0.00580869
0.00580974
0.00579551
0.00583655
0.00579923
0.00578586
0.00581861
0.00583781
0.00584268
0.00588375
0.00592700
0.00590212
0.00586439
0.00583237
0.00586168
0.00587413
0.00589942
0.00586418
0.00583383
0.00585479
0.00584889
0.00820162
0.00640990
0.00899788
0.00603099
0.00594604
0.00593046
0.00588140
0.00663004
0.00595686
0.00585494
0.00582570
0.00580733
0.00581297
0.00580483
0.00582234
0.00590862
0.00586345
0.00582197
0.00577261
0.00581750
0.00583963
0.00578243
0.00578021
0.00594589
0.00596644
0.00582779
0.00582227
0.00580616
0.00579188
0.00578496
0.00581749
0.00581186
0.00585266
0.00580322
0.00578661
0.00579176
0.00581589
0.00585725
0.00588841
0.00583570
0.00583618
0.00581502
0.00581741
0.00579410
