0.00040729
0.00074079
0.00049857
0.00111765
0.00113412
0.00128071
0.00091785
0.00155351
0.00067322
0.00091585
0.00067377
0.00034116
0.00026252
0.00179821
0.00000000
0.00000000
0.00000000
0.00000000
0.00029998
0.00045713
0.00086020
0.00102872
0.00064090
0.00063826
0.00023278
0.00023617
0.00024067
0.00063885
0.00123290
0.00064279
0.00083077
0.00083974
0.00122521
0.00082812
0.00081414
0.00063365
0.00064149
0.00044869
0.00044412
0.00023464
0.00023722
0.00023698
0.00050688
0.00087621
0.00088656
0.00087028
0.00104029
0.00123396
0.00143202
0.00123064
0.00226730
0.00298770
0.00414018
0.00113373
0.00263803
0.00111097
0.00135770
0.00084179
0.00130267
0.00106820
0.00128614
0.00158542
0.00156058
0.00110079
0.00111719
0.00060736
0.00080687
0.00000000
0.00000000
0.00000000
0.00000000
0.00036107
0.00031936
0.00031879
0.00031699
0.00033067
0.00088004
0.00134658
0.00106032
0.00133533
0.00152436
0.00149842
0.00165525
0.00135660
0.00090812
0.00133833
0.00110793
0.00069364
0.00047936
0.00024948
0.00025168
0.00046042
0.00066794
0.00066847
0.00067089
0.00108482
0.00109209
0.00130175
0.00148817
0.00190505
0.00173027
0.00131018
0.00131918
0.00110381
0.00087337
0.00108594
0.00088857
0.00083950
0.00109502
0.00105319
0.00086619
0.00123995
0.00167598
0.00106930
0.00045453
0.00111006
0.00110486
0.00127351
0.00131689
0.00106646
0.00086952
0.00067933
0.00068479
0.00046868
0.00068013
0.00091959
0.00089048
0.00152116
0.00135075
0.00128462
0.00133187
0.00155352
0.00161362
0.00087067
0.00156465
0.00046596
0.00092828
0.00088433
0.00068359
0.00088420
0.00088312
0.00091755
0.00066937
0.00024975
0.00047129
0.00024703
0.00094645
0.00088610
0.00113098
0.00135502
0.00130855
0.00110864
0.00109321
0.00092577
0.00088781
0.00142833
0.00050051
0.00048187
0.00025310
0.00048125
0.00069647
0.00068821
0.00047468
0.00026159
0.00025162
0.00025646
0.00133832
0.00088220
0.00149632
0.00150887
0.00087765
0.00067277
