0.00073410
0.00241992
0.00087728
0.00099063
0.00087416
0.00323450
0.00103314
0.00437655
0.00245902
0.00323940
0.00158400
0.00334951
0.00323267
0.00325121
0.00243091
0.00245277
0.00254712
0.00323258
0.00178622
0.00322143
0.00320313
0.00326237
0.00095601
0.00410025
0.00089059
0.00402694
0.00254894
0.00325905
0.00245259
0.00239582
0.00100154
0.00246533
0.00321838
0.00325606
0.00245691
0.00256211
0.00243271
0.00239104
0.00244247
0.00253606
0.00081866
0.00248788
0.00359852
0.00084593
0.00252781
0.00165479
0.00255597
0.00161412
0.00246532
0.00161303
0.00161181
0.00240201
0.00242976
0.00243213
0.00161296
0.00165995
0.00242103
0.00160074
0.00239776
0.00081975
0.00163178
0.00161542
0.00163616
0.00164346
0.00164433
0.00160516
0.00169111
0.00163845
0.00165829
0.00165380
0.00160760
0.00160960
0.00159922
0.00165400
0.00165216
0.00161766
0.00160181
0.00164092
0.00083761
0.00162247
0.00082216
0.00167428
0.00166667
0.00163484
0.00161480
0.00246567
0.00166266
0.00238968
0.00085288
0.00247904
0.00161058
0.00161081
0.00243217
0.00082499
0.00247112
0.00162471
0.00081614
0.00160599
0.00164920
0.00165814
0.00160524
0.00163829
0.00081491
0.00247450
0.00162254
0.00237566
0.00397471
0.00161418
0.00161219
0.00244600
0.00159834
0.00081163
0.00085355
0.00165819
0.00081568
0.00160520
0.00081769
0.00241973
0.00170829
0.00244030
0.00082151
0.00083794
0.00085551
0.00318575
0.00484619
0.00167185
0.00081323
0.00259705
0.00318468
0.00786788
0.00243995
0.00162009
0.00403892
0.00081964
0.00243453
0.00081086
0.00321272
0.00097155
0.00166317
0.00084107
0.00086095
0.00164833
0.00167425
0.00081580
0.00254065
0.00239852
0.00081721
0.00097675
0.00081611
0.00243479
0.00081853
0.00084804
0.00082272
0.00097821
0.00161762
0.00165681
0.00167528
0.00085091
0.00081695
0.00084204
0.00084542
0.00084618
0.00082036
0.00319155
0.00190155
0.00254564
0.00567544
0.00246393
0.00084899
0.00083946
0.00167304
0.00475053
0.00082531
0.00244313
0.00239001
0.00166762
0.00084787
0.00239307
0.00161121
0.00094341
0.00088543
0.00247549
0.00165468
0.00242590
0.00319872
0.00239629
0.00275250
0.00319272
0.00160854
0.00085784
0.00084272
0.00246455
0.00572722
0.00161276
0.00250140
0.00081872
0.00240917
0.00085297
0.00085793
0.00160361
0.00102963
0.00163778
0.00167753
0.00173574
0.00086980
0.00254163
0.00246500
0.00082008
0.00083116
0.00103608
0.00085375
0.00082696
0.00082342
0.00084279
0.00084492
0.00082318
0.00082004
0.00169043
0.00082117
0.00169402
0.00086291
0.00161723
0.00161683
0.00000000
0.00000000
0.00000000
0.00000000
0.00038501
0.00035155
0.00034564
0.00036183
0.00034612
0.00035181
0.00035800
0.00034412
0.00035158
0.00035089
0.00034757
0.00035222
0.00067709
0.00034500
0.00034781
0.00035034
0.00035119
0.00035862
0.00036696
0.00035388
0.00039919
0.00034638
0.00036205
0.00035099
0.00034606
0.00034350
0.00035572
0.00036132
0.00035625
0.00034561
0.00034283
0.00034367
0.00034881
0.00034206
0.00034676
0.00034488
0.00035118
0.00034369
0.00035923
0.00035541
0.00034683
0.00066504
0.00034607
0.00096841
0.00034529
0.00034112
0.00036430
0.00034470
0.00034988
0.00034299
0.00036998
0.00035500
0.00036423
0.00036569
0.00036230
0.00034846
0.00034800
0.00035318
0.00035728
0.00034550
0.00035109
0.00035396
0.00034706
0.00034300
0.00034911
0.00036753
0.00034398
0.00034536
0.00034962
0.00035109
0.00036424
0.00034723
0.00100263
0.00034285
0.00034605
0.00034482
0.00035564
0.00034590
0.00036003
0.00035866
0.00035466
0.00035807
0.00035258
0.00034288
0.00034364
0.00034314
0.00035518
0.00035194
0.00039973
0.00034434
0.00034659
0.00034453
0.00035634
0.00035327
0.00036304
0.00034565
0.00034633
0.00034366
0.00036427
0.00035411
0.00035566
0.00034403
0.00036597
0.00035431
0.00034598
0.00034466
0.00035327
0.00034492
0.00036513
0.00035263
0.00033670
0.00034398
0.00035028
0.00034580
0.00035780
0.00035883
0.00068059
0.00035328
0.00034577
0.00035412
0.00034470
0.00034770
0.00034328
0.00035289
