0.00032128
0.00079383
0.00046618
0.00110322
0.00114799
0.00118308
0.00099898
0.00156619
0.00070459
0.00092051
0.00067956
0.00024691
0.00027075
0.00183965
0.00000000
0.00000000
0.00000000
0.00000000
0.00029655
0.00044815
0.00085898
0.00104124
0.00064336
0.00062473
0.00031257
0.00023113
0.00023143
0.00063377
0.00123758
0.00062604
0.00082236
0.00082318
0.00120956
0.00079982
0.00080193
0.00061080
0.00062930
0.00043197
0.00043026
0.00023518
0.00023123
0.00023115
0.00044843
0.00085187
0.00083189
0.00083108
0.00103285
0.00125014
0.00136933
0.00120875
0.00103611
0.00121144
0.00160236
0.00043230
0.00102295
0.00045496
0.00065032
0.00062867
0.00101355
0.00081812
0.00103628
0.00120247
0.00119433
0.00087682
0.00082884
0.00044249
0.00065149
0.00000000
0.00000000
0.00000000
0.00000000
0.00028703
0.00025821
0.00025516
0.00024858
0.00026756
0.00071376
0.00114255
0.00093254
0.00108405
0.00132238
0.00133254
0.00151106
0.00130111
0.00088562
0.00129818
0.00109681
0.00067855
0.00046917
0.00024644
0.00025423
0.00047916
0.00069980
0.00069524
0.00069778
0.00112643
0.00112768
0.00128002
0.00156883
0.00202556
0.00173220
0.00131342
0.00131621
0.00110437
0.00090266
0.00114486
0.00089157
0.00093041
0.00110924
0.00111358
0.00090120
0.00134639
0.00178919
0.00110807
0.00047241
0.00114776
0.00115350
0.00139722
0.00131293
0.00115001
0.00089703
0.00068696
0.00072913
0.00047054
0.00070572
0.00092149
0.00094776
0.00152709
0.00132434
0.00132033
0.00131608
0.00152909
0.00153446
0.00089739
0.00153320
0.00047211
0.00092414
0.00091788
0.00073872
0.00102396
0.00090477
0.00089820
0.00047645
0.00024836
0.00049799
0.00025873
0.00092233
0.00092668
0.00116439
0.00136933
0.00131618
0.00111747
0.00111312
0.00094285
0.00089498
0.00134520
0.00052525
0.00049028
0.00025433
0.00049784
0.00070403
0.00070782
0.00047882
0.00024288
0.00025045
0.00025548
0.00134785
0.00091302
0.00155784
0.00154837
0.00088889
0.00068409
