0.01849939
0.00276262
0.00269527
0.00273408
0.00275725
0.00269684
0.00282799
0.00269689
0.00268561
0.00272599
0.00275382
0.00270213
0.00277379
0.00272019
0.00271878
0.00276181
0.00273201
0.00268311
0.00277905
0.00271232
0.00269406
0.00271078
0.00278484
0.00271536
0.00268207
0.00279123
0.00268971
0.00835213
0.00000000
0.00000000
0.00000000
0.00000000
0.02650322
0.00233137
0.00200568
0.00199170
0.00174601
0.00173617
0.00158322
0.00155127
0.00156901
0.00000000
0.00000000
0.00000000
0.00000000
0.01545665
0.00223427
0.00226870
0.00213397
0.00222678
0.00219964
0.00223827
0.00235284
0.00224432
0.00238494
0.00230574
0.00227982
0.00226883
0.00231530
0.00239976
0.00230076
0.00245814
0.00230779
0.00233714
0.00231890
0.00229911
0.00238169
0.00230969
0.00240526
0.00236888
0.00000000
0.00000000
0.00000000
0.00000000
0.01335904
0.00202637
0.00208035
0.00200597
0.00203266
0.00201758
0.00200297
0.00211364
0.00199456
0.00203330
0.00203456
0.00196549
0.00202535
0.00201850
0.00195648
0.00000000
0.00000000
0.00000000
0.00000000
0.01591602
0.00242219
0.00236549
0.00246503
0.00235333
0.00245707
0.00237096
0.00242952
0.00254723
0.00248780
0.00239097
0.00236554
0.00247707
0.00240306
0.00245556
0.00236765
0.00242970
0.00236706
0.00236192
0.00245095
0.00236787
0.00251720
0.00236195
0.00241176
0.00237388
0.00243526
0.00235997
0.00236101
0.00238135
0.00240140
0.00239995
0.00235835
0.00239818
0.00237872
0.00243030
0.00242774
0.00235389
0.00236141
0.00235668
0.00236300
0.00238487
0.00235905
0.00236099
0.00235702
0.00239861
0.00236130
0.00235091
0.00237140
0.00239995
0.00000000
0.00000000
0.00000000
0.00000000
0.01008013
0.00148699
0.00147280
0.00146249
0.00145948
0.00151496
0.00146078
0.00146075
0.00146350
0.00145915
0.00151201
0.00150193
0.00146940
0.00150897
0.00146530
0.00146411
0.00147516
0.00149999
0.00145889
0.00146138
0.00150379
0.00149803
0.00147951
0.00151122
0.00146550
0.00145854
0.00145444
0.00000000
0.00000000
0.00000000
0.00000000
0.01077674
0.00161550
0.00170555
0.00162449
0.00161570
0.00157264
0.00163108
0.00161153
0.00162244
0.00157019
0.00000000
0.00000000
0.00000000
0.00000000
0.00930713
0.00140810
0.00139510
0.00142561
0.00136657
0.00137017
0.00137000
0.00136868
0.00143405
0.00144896
0.00138168
0.00136371
0.00137660
0.00140742
0.00137674
0.00136694
0.00138606
0.00000000
0.00000000
0.00000000
0.00000000
0.00941132
0.00135571
0.00132507
0.00126930
0.00000000
0.00000000
0.00000000
0.00000000
0.00885820
0.00136944
0.00139418
0.00135621
0.00134754
0.00137145
0.00000000
0.00000000
0.00000000
0.00000000
0.00906380
0.00139503
0.00133810
0.00137533
0.00000000
0.00000000
0.00000000
0.00000000
0.00726656
0.00108346
0.00109811
0.00108358
0.00108512
0.00000000
0.00000000
0.00000000
0.00000000
0.00676936
0.00101373
0.00101103
0.00101091
0.00100634
0.00101435
0.00000000
0.00000000
0.00000000
0.00000000
0.00953320
0.00145565
0.00145735
0.00146322
0.00000000
0.00000000
0.00000000
0.00000000
0.00905008
0.00137252
0.00138985
0.00136611
0.00000000
0.00000000
0.00000000
0.00000000
0.00717378
0.00110438
0.00107759
0.00108679
0.00106998
0.00108549
0.00109007
0.00109685
0.00108450
0.00108506
0.00107346
0.00107850
0.00107840
0.00108061
0.00107988
0.00107238
0.00112378
0.00107605
0.00107818
0.00107014
0.00107616
0.00107135
0.00107069
0.00107611
0.00113331
0.00107424
0.00108182
0.00107070
0.00107742
0.00107121
0.00109064
0.00111760
0.00107875
0.00106814
0.00108293
0.00107305
0.00108280
0.00107202
0.00000000
0.00000000
0.00000000
0.00000000
0.00736095
0.00108172
0.00112113
0.00000000
0.00000000
0.00000000
0.00000000
0.00669657
0.00100526
0.00100820
0.00100614
0.00101236
0.00100869
0.00100872
0.00101973
0.00000000
0.00000000
0.00000000
0.00000000
0.00811118
0.00124408
0.00120760
0.00120508
0.00124873
0.00121440
0.00000000
0.00000000
0.00000000
0.00000000
0.00818905
0.00125381
0.00126330
0.00121387
0.00000000
0.00000000
0.00000000
0.00000000
0.00623412
0.00097547
0.00091937
0.00093861
0.00093461
0.00097144
0.00091611
0.00092591
0.00091886
0.00092450
0.00096808
0.00091971
0.00000000
0.00000000
0.00000000
0.00000000
0.00902445
0.00133933
0.00126346
0.00127692
0.00000000
0.00000000
0.00000000
0.00000000
0.00713140
0.00106535
0.00104154
0.00104386
0.00110102
0.00106750
0.00107779
0.00106596
0.00000000
0.00000000
0.00000000
0.00000000
0.00925443
0.00137653
0.00136696
0.00133668
0.00133695
0.00135538
0.00133624
0.00134365
0.00139089
0.00138532
0.00137487
0.00138384
0.00137536
0.00138823
0.00133759
0.00137716
