0.00031977
0.00030665
0.00031208
0.00032832
0.00043541
0.00034029
0.00087933
0.00056094
0.00057754
0.00067124
0.00064235
0.00031230
0.00082236
0.00059499
0.00110707
0.00107257
0.00058749
0.00029342
0.00056255
0.00081427
0.00057144
0.00110011
0.00030219
0.00083263
0.00055803
0.00081485
0.00082159
0.00107399
0.00081510
0.00029567
0.00029265
0.00055471
0.00132215
0.00233160
0.00030343
0.00029439
0.00029292
0.00029430
0.00029351
0.00030818
0.00106814
0.00029272
0.00029389
0.00029271
0.00029447
0.00029756
0.00082414
0.00358110
0.00029369
0.00030834
0.00107634
0.00183344
0.00055836
0.00029256
0.00035122
0.00040730
0.00087219
0.00030426
0.00082095
0.00132650
0.00029562
0.00031144
0.00057326
0.00029552
0.00056237
0.00029320
0.00030510
0.00055724
0.00055717
0.00029041
0.00057094
0.00029175
0.00055336
0.00055697
0.00029512
0.00029810
0.00058693
0.00108227
0.00030019
0.00055572
0.00055915
0.00030730
0.00029363
0.00056138
0.00055620
0.00029019
0.00081463
0.00055228
0.00083847
0.00029563
0.00029416
0.00055569
0.00056155
0.00081009
0.00081499
0.00029286
0.00029763
0.00031132
0.00029374
0.00106433
0.00029419
0.00029975
0.00029360
0.00029293
0.00029213
0.00030914
0.00030453
0.00029569
0.00029256
0.00029261
0.00029355
0.00029293
0.00029477
0.00031264
0.00029987
0.00213188
0.00032846
0.00029289
0.00031575
0.00029169
0.00030187
0.00029378
0.00029382
0.00030271
0.00029488
0.00030017
0.00031816
0.00029843
0.00030036
0.00082842
0.00082031
0.00029955
0.00055524
0.00029263
0.00081784
0.00055614
0.00081450
0.00029274
0.00029294
0.00029055
0.00031787
0.00029729
0.00056148
0.00055799
0.00029314
0.00030070
0.00085489
0.00029046
0.00029423
0.00055610
0.00106756
0.00089091
0.00084384
0.00133187
0.00030425
0.00029248
0.00106490
0.00029682
0.00085191
0.00038373
0.00035379
0.00030798
0.00031323
0.00132825
0.00132433
0.00384170
0.00030905
0.00029435
0.00057795
0.00234036
0.00083690
0.00158209
0.00056833
0.00106791
0.00029239
0.00029222
0.00029431
0.00029503
0.00029964
0.00029456
0.00029364
0.00106489
0.00029419
0.00029386
0.00062743
0.00029605
0.00029572
0.00082282
0.00430974
0.00028517
0.00031409
0.00029484
0.00029708
0.00086123
0.00082660
0.00029433
0.00082511
0.00110199
0.00029093
0.00029443
0.00132913
0.00331362
0.00030535
0.00030207
0.00058441
0.00158443
0.00056556
0.00135530
0.00029426
0.00029546
0.00029161
0.00030789
0.00029465
0.00082098
0.00133197
0.00384855
0.00000000
0.00000000
0.00000000
0.00000000
0.00036777
0.00036308
0.00035330
0.00035134
0.00034376
0.00033907
0.00034128
0.00033978
