0.00001457
0.00350149
0.00349003
0.00367085
0.00374179
0.00362292
0.00362087
0.00385385
0.00361350
0.00360769
0.00366852
0.00360781
0.00360434
0.00360663
0.00367528
0.00364907
0.00363471
0.00361069
0.00360256
0.00360973
0.00361372
0.00360708
0.00361770
0.00360700
0.00361669
0.00360503
0.00359526
0.00360013
0.00359326
0.00353770
0.00351251
0.00349878
0.00316723
0.00317105
0.00351171
0.00355096
0.00358761
0.00360506
0.00359993
0.00359423
0.00358972
0.00357758
0.00357252
0.00356299
0.00355451
0.00353921
0.00352828
0.00350624
0.00349256
0.00348214
0.00347993
0.00347547
0.00349351
0.00351643
0.00356585
0.00360619
0.00361219
0.00360956
0.00357828
0.00358496
0.00360686
0.00361293
0.00360655
0.00360869
0.00361189
0.00360347
0.00361127
0.00359437
0.00360287
0.00360969
0.00360540
0.00364547
0.00362762
0.00361170
0.00365627
0.00361275
0.00360932
0.00358333
0.00356126
0.00353659
0.00353679
0.00353799
0.00357262
0.00360428
0.00361570
0.00359763
0.00360583
0.00360934
0.00358093
0.00356366
0.00354948
0.00354829
0.00366742
0.00360062
0.00361038
0.00367117
0.00361813
0.00360564
0.00361148
0.00360953
0.00360684
0.00361313
0.00360575
0.00361408
0.00361082
0.00361409
0.00361047
0.00360415
0.00353749
0.00346227
0.00342603
0.00301156
0.00299934
0.00297364
0.00299233
0.00336828
0.00343567
0.00347800
0.00350419
0.00355853
0.00360671
0.00361039
0.00360453
0.00361099
0.00360627
0.00359950
0.00360598
0.00360595
0.00360670
0.00357682
0.00356134
0.00353897
0.00353415
0.00353979
0.00355399
0.00358244
0.00355660
0.00349209
0.00348620
0.00349524
0.00348007
0.00347822
0.00347195
0.00345527
0.00344312
0.00341828
0.00341289
0.00338263
0.00338694
0.00337076
0.00338454
0.00339180
0.00340151
0.00342015
0.00343690
0.00346415
0.00347238
0.00349131
0.00349101
0.00349335
0.00348436
0.00348781
0.00348439
0.00348455
0.00348603
0.00348546
0.00349642
0.00348631
0.00349131
0.00348459
0.00349252
0.00348010
0.00348885
0.00348425
0.00000000
0.00000000
0.00000000
0.00000000
0.00001177
0.00191954
0.00191086
0.00192121
0.00191495
0.00191114
0.00190899
0.00191653
0.00191464
0.00191158
0.00190907
0.00192377
0.00191133
0.00191083
0.00192199
0.00193426
0.00191227
0.00191442
0.00191641
0.00197369
0.00191566
0.00191165
0.00191672
0.00191004
0.00191080
0.00191620
0.00191839
0.00191015
0.00191217
0.00191594
0.00191537
0.00190937
0.00191064
0.00191714
0.00191496
0.00191091
0.00191493
0.00191907
0.00190947
0.00191159
0.00191615
0.00191544
0.00190842
0.00191039
0.00191592
0.00191533
0.00190879
0.00206590
0.00192552
0.00191207
0.00190880
0.00193011
0.00205192
0.00190758
0.00168269
0.00165823
0.00164112
0.00165201
0.00167771
0.00191668
0.00204466
0.00209720
0.00191642
0.00191078
0.00191370
0.00191570
0.00190887
0.00191126
0.00191290
0.00191353
0.00191014
0.00191070
0.00240539
0.00238582
0.00225055
0.00161332
0.00161021
0.00159656
0.00160360
0.00162016
0.00223804
0.00239223
0.00202496
0.00208684
0.00198725
0.00197891
0.00198201
0.00197796
0.00198929
0.00198258
0.00197420
0.00197769
0.00198204
0.00198134
0.00197604
0.00197746
0.00198092
0.00200010
0.00209650
0.00198312
0.00198332
0.00198316
0.00203431
0.00197882
0.00198054
0.00198298
0.00197471
0.00197775
0.00198193
0.00198911
0.00197800
0.00197835
0.00198146
0.00215835
0.00211620
0.00168428
0.00168174
0.00212104
0.00216902
0.00198110
0.00248650
0.00248227
0.00247978
0.00247857
0.00247789
0.00197946
0.00198230
0.00198516
0.00197733
0.00197804
0.00198349
0.00198483
0.00198261
0.00197796
0.00197813
0.00198195
0.00198063
0.00197681
0.00197355
0.00198088
0.00197507
0.00197632
0.00197628
0.00197994
0.00197907
0.00197585
0.00197454
0.00198260
0.00198044
0.00197669
0.00197592
0.00199152
0.00198212
0.00197589
0.00197465
0.00198299
0.00197469
0.00197477
0.00198008
0.00198093
0.00197491
0.00197644
0.00198435
0.00198066
0.00197497
0.00197784
0.00198022
0.00198303
0.00197481
0.00197586
0.00198071
0.00198109
0.00197515
0.00197595
0.00198093
0.00198197
0.00197660
0.00197692
0.00198141
0.00198301
0.00197569
0.00197745
0.00198307
0.00198670
0.00197645
0.00198154
0.00197876
0.00201085
0.00198922
0.00197997
0.00197902
0.00198343
0.00198550
0.00197708
0.00197825
0.00198515
0.00198167
0.00197682
0.00197662
0.00198131
0.00197951
0.00197625
0.00197511
0.00198199
0.00197997
0.00197760
0.00197521
0.00198233
0.00215403
0.00212497
0.00211638
0.00169743
0.00212115
0.00213915
0.00197580
0.00198130
0.00198247
0.00197694
0.00195934
0.00196542
0.00196294
0.00195966
0.00195833
0.00196658
0.00196303
0.00195836
