1
60.00,109.00,43.00,45.00
60.00,109.00,43.00,45.00
60.00,109.00,43.00,45.00
60.00,109.00,43.00,45.00
60.00,109.00,43.00,45.00
60.00,109.00,43.00,45.00
60.00,109.00,43.00,45.00
60.00,109.00,43.00,45.00
60.00,109.00,43.00,45.00
60.00,109.00,43.00,45.00
60.00,109.00,43.00,45.00
60.00,109.00,43.00,45.00
60.00,109.00,43.00,45.00
60.00,109.00,43.00,45.00
60.00,109.00,43.00,45.00
60.00,109.00,43.00,45.00
60.00,109.00,43.00,45.00
60.00,109.00,43.00,45.00
60.00,109.00,43.00,45.00
60.00,109.00,43.00,45.00
60.00,109.00,43.00,45.00
60.00,109.00,43.00,45.00
60.00,109.00,43.00,45.00
60.00,109.00,43.00,45.00
60.00,109.00,43.00,45.00
60.00,109.00,43.00,45.00
60.00,109.00,43.00,45.00
60.00,109.00,43.00,45.00
60.00,109.00,43.00,45.00
60.00,109.00,43.00,45.00
60.00,109.00,43.00,45.00
60.00,109.00,43.00,45.00
60.00,109.00,43.00,45.00
60.00,109.00,43.00,45.00
60.00,109.00,43.00,45.00
60.00,109.00,43.00,45.00
60.00,109.00,43.00,45.00
60.00,109.00,43.00,45.00
60.00,109.00,43.00,45.00
60.00,109.00,43.00,45.00
60.00,109.00,43.00,45.00
60.00,109.00,43.00,45.00
60.00,109.00,43.00,45.00
2
0
0
0
0
1
104.00,122.00,60.00,56.00
104.00,122.00,60.00,56.00
104.00,122.00,60.00,56.00
104.00,122.00,60.00,56.00
104.00,122.00,60.00,56.00
104.00,122.00,60.00,56.00
104.00,122.00,60.00,56.00
2
0
0
0
0
1
193.00,60.00,42.00,63.00
193.00,60.00,42.00,63.00
193.00,60.00,42.00,63.00
193.00,60.00,42.00,63.00
193.00,60.00,42.00,63.00
2
0
0
0
0
1
228.00,130.00,37.00,65.00
228.00,130.00,37.00,65.00
228.00,130.00,37.00,65.00
228.00,130.00,37.00,65.00
228.00,130.00,37.00,65.00
228.00,130.00,37.00,65.00
228.00,130.00,37.00,65.00
228.00,130.00,37.00,65.00
228.00,130.00,37.00,65.00
228.00,130.00,37.00,65.00
228.00,130.00,37.00,65.00
228.00,130.00,37.00,65.00
228.00,130.00,37.00,65.00
228.00,130.00,37.00,65.00
228.00,130.00,37.00,65.00
228.00,130.00,37.00,65.00
228.00,130.00,37.00,65.00
228.00,130.00,37.00,65.00
228.00,130.00,37.00,65.00
228.00,130.00,37.00,65.00
228.00,130.00,37.00,65.00
228.00,130.00,37.00,65.00
228.00,130.00,37.00,65.00
228.00,130.00,37.00,65.00
228.00,130.00,37.00,65.00
228.00,130.00,37.00,65.00
228.00,130.00,37.00,65.00
228.00,130.00,37.00,65.00
228.00,130.00,37.00,65.00
228.00,130.00,37.00,65.00
2
0
0
0
0
1
110.00,121.00,48.00,73.00
110.00,121.00,48.00,73.00
110.00,121.00,48.00,73.00
110.00,121.00,48.00,73.00
110.00,121.00,48.00,73.00
110.00,121.00,48.00,73.00
110.00,121.00,48.00,73.00
2
0
0
0
0
1
133.00,130.00,38.00,53.00
133.00,130.00,38.00,53.00
133.00,130.00,38.00,53.00
133.00,130.00,38.00,53.00
133.00,130.00,38.00,53.00
133.00,130.00,38.00,53.00
133.00,130.00,38.00,53.00
133.00,130.00,38.00,53.00
133.00,130.00,38.00,53.00
133.00,130.00,38.00,53.00
133.00,130.00,38.00,53.00
133.00,130.00,38.00,53.00
133.00,130.00,38.00,53.00
133.00,130.00,38.00,53.00
133.00,130.00,38.00,53.00
133.00,130.00,38.00,53.00
133.00,130.00,38.00,53.00
133.00,130.00,38.00,53.00
133.00,130.00,38.00,53.00
133.00,130.00,38.00,53.00
133.00,130.00,38.00,53.00
133.00,130.00,38.00,53.00
133.00,130.00,38.00,53.00
133.00,130.00,38.00,53.00
133.00,130.00,38.00,53.00
133.00,130.00,38.00,53.00
133.00,130.00,38.00,53.00
133.00,130.00,38.00,53.00
133.00,130.00,38.00,53.00
133.00,130.00,38.00,53.00
133.00,130.00,38.00,53.00
133.00,130.00,38.00,53.00
133.00,130.00,38.00,53.00
133.00,130.00,38.00,53.00
133.00,130.00,38.00,53.00
133.00,130.00,38.00,53.00
133.00,130.00,38.00,53.00
133.00,130.00,38.00,53.00
133.00,130.00,38.00,53.00
2
0
0
0
0
1
130.00,122.00,58.00,51.00
130.00,122.00,58.00,51.00
130.00,122.00,58.00,51.00
130.00,122.00,58.00,51.00
130.00,122.00,58.00,51.00
130.00,122.00,58.00,51.00
130.00,122.00,58.00,51.00
130.00,122.00,58.00,51.00
130.00,122.00,58.00,51.00
130.00,122.00,58.00,51.00
130.00,122.00,58.00,51.00
130.00,122.00,58.00,51.00
130.00,122.00,58.00,51.00
130.00,122.00,58.00,51.00
130.00,122.00,58.00,51.00
130.00,122.00,58.00,51.00
130.00,122.00,58.00,51.00
130.00,122.00,58.00,51.00
130.00,122.00,58.00,51.00
130.00,122.00,58.00,51.00
130.00,122.00,58.00,51.00
130.00,122.00,58.00,51.00
130.00,122.00,58.00,51.00
130.00,122.00,58.00,51.00
130.00,122.00,58.00,51.00
130.00,122.00,58.00,51.00
130.00,122.00,58.00,51.00
130.00,122.00,58.00,51.00
130.00,122.00,58.00,51.00
130.00,122.00,58.00,51.00
130.00,122.00,58.00,51.00
130.00,122.00,58.00,51.00
130.00,122.00,58.00,51.00
130.00,122.00,58.00,51.00
130.00,122.00,58.00,51.00
130.00,122.00,58.00,51.00
130.00,122.00,58.00,51.00
130.00,122.00,58.00,51.00
130.00,122.00,58.00,51.00
130.00,122.00,58.00,51.00
130.00,122.00,58.00,51.00
130.00,122.00,58.00,51.00
130.00,122.00,58.00,51.00
130.00,122.00,58.00,51.00
130.00,122.00,58.00,51.00
130.00,122.00,58.00,51.00
130.00,122.00,58.00,51.00
130.00,122.00,58.00,51.00
130.00,122.00,58.00,51.00
130.00,122.00,58.00,51.00
130.00,122.00,58.00,51.00
2
0
0
0
0
1
213.00,132.00,44.00,58.00
213.00,132.00,44.00,58.00
213.00,132.00,44.00,58.00
213.00,132.00,44.00,58.00
213.00,132.00,44.00,58.00
213.00,132.00,44.00,58.00
213.00,132.00,44.00,58.00
213.00,132.00,44.00,58.00
213.00,132.00,44.00,58.00
213.00,132.00,44.00,58.00
213.00,132.00,44.00,58.00
213.00,132.00,44.00,58.00
213.00,132.00,44.00,58.00
213.00,132.00,44.00,58.00
213.00,132.00,44.00,58.00
213.00,132.00,44.00,58.00
213.00,132.00,44.00,58.00
213.00,132.00,44.00,58.00
213.00,132.00,44.00,58.00
