0.01257325
0.00185878
0.00184591
0.00184516
0.00184806
0.00188830
0.00187888
0.00185710
0.00187611
0.00183934
0.00185101
0.00184537
0.00184166
0.00185740
0.00184947
0.00185192
0.00184547
0.00184661
0.00184295
0.00184078
0.00184611
0.00184991
0.00185703
0.00185451
0.00184370
0.00183809
0.00184845
0.00185684
0.00185934
0.00185389
0.00183967
0.00184491
0.00184347
0.00184130
0.00184701
0.00185319
0.00184987
0.00184524
0.00185839
0.00184070
0.00184227
0.00185162
0.00184927
0.00185213
0.00192888
0.00000000
0.00000000
0.00000000
0.00000000
0.01092153
0.00167719
0.00165886
0.00171612
0.00166346
0.00166436
0.00167705
0.00165879
0.00166184
0.00000000
0.00000000
0.00000000
0.00000000
0.01070101
0.00161619
0.00161612
0.00161997
0.00162496
0.00161093
0.00161660
0.00000000
0.00000000
0.00000000
0.00000000
0.01401215
0.00213020
0.00213066
0.00212752
0.00210568
0.00212950
0.00212225
0.00208259
0.00204141
0.00204245
0.00204484
0.00205028
0.00205335
0.00204958
0.00204771
0.00205421
0.00204927
0.00204585
0.00204696
0.00204635
0.00204781
0.00204334
0.00204576
0.00205991
0.00205135
0.00204135
0.00205031
0.00204393
0.00204124
0.00203769
0.00204498
0.00204835
0.00000000
0.00000000
0.00000000
0.00000000
0.02050215
0.00314801
0.00311740
0.00312682
0.00311050
0.00309802
0.00311174
0.00311554
0.00310944
0.00000000
0.00000000
0.00000000
0.00000000
0.01432301
0.00213187
0.00212732
0.00212230
0.00213634
0.00211667
0.00212062
0.00211515
0.00211632
0.00211460
0.00213030
0.00212862
0.00212512
0.00212132
0.00212050
0.00211821
0.00212291
0.00211851
0.00211869
0.00213280
0.00218532
0.00212619
0.00212986
0.00213010
0.00212672
0.00212616
0.00212171
0.00211673
0.00212281
0.00211445
0.00211687
0.00212057
0.00211955
0.00212352
0.00212646
0.00212336
0.00212999
0.00212715
0.00211594
0.00211857
0.00212433
0.00000000
0.00000000
0.00000000
0.00000000
0.01385752
0.00210400
0.00207775
0.00207368
0.00207212
0.00207395
0.00207671
0.00206287
0.00206164
0.00206733
0.00207032
0.00206432
0.00206222
0.00207524
0.00207225
0.00207180
0.00206900
0.00206792
0.00206518
0.00207626
0.00206513
0.00206713
0.00207349
0.00207577
0.00207249
0.00207006
0.00206963
0.00206475
0.00206791
0.00206796
0.00206719
0.00206926
0.00207217
0.00207577
0.00207232
0.00207996
0.00207022
0.00206660
0.00206845
0.00207289
0.00206398
0.00206354
0.00207058
0.00207514
0.00207204
0.00208085
0.00206949
0.00206682
0.00206841
0.00207091
0.00206741
0.00208649
0.00216807
0.00000000
0.00000000
0.00000000
0.00000000
0.01218852
0.00183962
0.00184450
0.00183150
0.00184989
0.00183735
0.00184226
0.00183195
0.00183605
0.00182963
0.00184008
0.00183641
0.00183333
0.00183415
0.00183521
0.00183676
0.00183557
0.00183347
0.00184682
0.00184576
