0.00000927
0.00068306
0.00075184
0.00067864
0.00072469
0.00067857
0.00073568
0.00090787
0.00074678
0.00072513
0.00076003
0.00071624
0.00071510
0.00071767
0.00071512
0.00101397
0.00074635
0.00071940
0.00071458
0.00072330
0.00071418
0.00075555
0.00071614
0.00071962
0.00071656
0.00069861
0.00069663
0.00069566
0.00069858
0.00069607
0.00069575
0.00069759
0.00070197
0.00069514
0.00074997
0.00067872
0.00067845
0.00068158
0.00000000
0.00000000
0.00000000
0.00000000
0.00000934
0.00112868
0.00107768
0.00107685
0.00107653
0.00107726
0.00107688
0.00000000
0.00000000
0.00000000
0.00000000
0.00000862
0.00109307
0.00105114
0.00104866
0.00104825
0.00109349
0.00104220
0.00104506
0.00108364
0.00105235
0.00109276
0.00109682
0.00105513
0.00104859
0.00109044
0.00105670
0.00109245
0.00109128
0.00105206
0.00104905
0.00105436
0.00104766
0.00105242
0.00108712
0.00104836
0.00109237
0.00127113
0.00109279
0.00104732
0.00110088
0.00104606
0.00109953
0.00104789
0.00110634
0.00110566
0.00109453
0.00107727
0.00101365
0.00106294
0.00106261
0.00110793
0.00107284
0.00107410
0.00107703
0.00107514
0.00106320
0.00104972
0.00109621
0.00104827
0.00109473
0.00104895
0.00108929
0.00104846
0.00108781
0.00104923
0.00105012
0.00104891
0.00104813
0.00108729
0.00104924
0.00110773
0.00105172
0.00109743
0.00104859
0.00109102
0.00104893
0.00104813
0.00109134
0.00108969
0.00105277
0.00000000
0.00000000
0.00000000
0.00000000
0.00000991
0.00087457
0.00087431
0.00087358
0.00087243
0.00087391
0.00087443
0.00087317
0.00087392
0.00087463
0.00087379
0.00087416
0.00087339
0.00087370
0.00090985
0.00087317
0.00088889
0.00000000
0.00000000
0.00000000
0.00000000
0.00000771
0.00107449
0.00106806
0.00107117
0.00106698
0.00107386
0.00108146
0.00000000
0.00000000
0.00000000
0.00000000
0.00000753
0.00161859
0.00161519
0.00162043
0.00161553
0.00161663
0.00160959
0.00146854
0.00145199
0.00147376
0.00145261
0.00145645
0.00146458
0.00143813
0.00147212
0.00146887
0.00146516
0.00140886
0.00147349
0.00161660
0.00161922
0.00161841
0.00182798
0.00000000
0.00000000
0.00000000
0.00000000
0.00000754
0.00146150
0.00147365
0.00147160
0.00142952
0.00143293
0.00142900
0.00143512
0.00142804
0.00153257
0.00182657
0.00156593
0.00150566
0.00150352
0.00148706
0.00146423
0.00155377
0.00153405
0.00142932
0.00147087
0.00142789
0.00142843
0.00146392
0.00142775
0.00152184
0.00125163
0.00129432
0.00143095
0.00132950
0.00128444
0.00130260
0.00000000
0.00000000
0.00000000
0.00000000
0.00000956
0.00108407
0.00108233
0.00108681
0.00112493
0.00104030
0.00108150
0.00108180
0.00103818
0.00117656
0.00114910
0.00109861
0.00113900
0.00110091
0.00106643
0.00106417
0.00106610
0.00106526
0.00106634
0.00110631
0.00095926
0.00098005
0.00106190
