0.01001820
0.00148652
0.00146369
0.00151270
0.00150360
0.00147214
0.00146304
0.00156150
0.00182512
0.00151743
0.00155456
0.00155312
0.00150761
0.00155202
0.00146583
0.00147643
0.00146589
0.00154014
0.00146640
0.00146294
0.00146954
0.00146499
0.00152169
0.00148801
0.00149026
0.00146314
0.00146416
0.00146887
0.00150193
0.00164396
0.00146401
0.00149104
0.00147513
0.00146285
0.00149993
0.00151141
0.00151732
0.00150390
0.00150745
0.00151451
0.00144377
0.00151874
0.00146627
0.00152135
0.00146426
0.00146321
0.00148767
0.00150109
0.00150596
0.00149855
0.00150515
0.00159743
0.00149633
0.00152987
0.00147092
0.00151539
0.00146454
0.00149467
0.00150537
0.00149125
0.00154515
0.00153170
0.00142868
0.00146748
0.00151357
0.00146913
0.00149703
0.00156359
0.00150906
0.00155183
0.00159254
0.00146819
0.00147024
0.00148839
0.00150307
0.00151292
0.00154174
0.00147401
0.00148878
0.00146086
0.00150506
0.00151405
0.00151007
0.00150128
0.00154416
0.00149815
0.00150316
0.00151159
0.00149796
0.00149958
0.00155226
0.00157340
0.00150924
0.00148980
0.00150154
0.00155371
0.00147593
0.00150137
0.00149607
0.00154477
0.00151361
0.00146384
0.00159463
0.00151731
0.00155311
0.00143746
0.00150211
0.00150196
0.00149479
0.00150875
0.00151516
0.00150454
0.00150322
0.00156426
0.00151815
0.00149784
0.00155152
0.00147844
0.00147031
0.00146340
0.00149937
0.00151684
0.00150962
0.00156235
0.00149838
0.00147393
0.00147242
0.00147010
0.00156957
0.00155055
0.00147661
0.00147074
0.00150334
0.00150642
0.00155303
0.00147407
0.00147672
0.00146665
0.00149096
0.00155874
0.00155134
0.00151669
0.00147257
0.00157499
0.00156233
0.00150524
0.00155394
0.00142953
0.00149186
0.00151089
0.00150547
0.00155087
0.00147372
0.00147305
0.00147801
0.00147319
0.00151444
0.00151223
0.00150524
0.00151668
0.00155825
0.00147686
0.00150045
0.00146993
0.00147417
0.00150844
0.00151365
0.00154792
0.00149709
0.00147195
0.00150470
0.00149004
0.00153084
0.00157947
0.00157400
0.00146374
0.00150849
0.00151822
0.00153248
0.00156039
0.00147019
0.00148747
0.00146909
0.00149200
0.00155201
0.00160576
0.00150129
0.00146742
0.00150786
0.00150940
0.00155327
0.00149850
0.00146715
0.00146990
0.00151488
0.00150820
0.00181951
0.00144020
0.00149016
0.00151434
0.00146753
0.00151519
0.00151953
0.00146596
0.00147058
0.00148864
0.00159012
0.00156143
0.00142822
0.00149221
0.00150587
0.00154838
0.00158815
0.00150784
0.00147653
0.00146863
0.00150497
0.00154799
0.00161340
0.00159247
0.00156179
0.00157641
0.00160542
0.00159990
0.00161094
0.00162764
0.00168377
0.00164283
0.00159151
0.00157866
0.00156101
0.00155384
0.00158498
0.00155188
0.00150710
0.00155761
0.00150343
0.00156247
0.00151979
0.00000000
0.00000000
0.00000000
0.00000000
0.00925736
0.00141570
0.00133290
0.00137574
0.00132479
0.00138737
0.00132442
0.00133094
0.00129210
0.00129567
0.00129003
0.00134019
0.00129319
0.00129462
0.00130079
0.00126283
0.00129954
0.00129132
0.00130109
0.00132453
0.00129548
0.00129562
0.00129160
0.00131977
0.00129405
0.00129400
0.00128961
0.00134011
0.00138856
0.00134571
0.00129641
0.00130357
0.00129416
0.00134520
0.00129686
0.00129941
0.00131481
0.00130059
0.00130069
0.00129630
0.00129767
0.00135409
0.00133999
0.00129696
0.00130661
0.00129756
0.00134042
0.00137665
0.00129424
0.00130049
0.00129268
0.00132620
0.00132715
0.00133509
0.00141125
0.00000000
0.00000000
0.00000000
0.00000000
0.01291779
