0.00001370
0.00104187
0.00103632
0.00104121
0.00105212
0.00107292
0.00105292
0.00103675
0.00103443
0.00112546
0.00103836
0.00103684
0.00103541
0.00104837
0.00110174
0.00103944
0.00104001
0.00103451
0.00103757
0.00111614
0.00103679
0.00103363
0.00103879
0.00103399
0.00000000
0.00000000
0.00000000
0.00000000
0.00001232
0.00115271
0.00115016
0.00115833
0.00115043
0.00115165
0.00114362
0.00114843
0.00117912
0.00117953
0.00118406
0.00120035
0.00120173
0.00119157
0.00119633
0.00119152
0.00119102
0.00119725
0.00119044
0.00119089
0.00119098
0.00119674
0.00118997
0.00119356
0.00119568
0.00119747
0.00119008
0.00119014
0.00119697
0.00119184
0.00119066
0.00119210
0.00119612
0.00000000
0.00000000
0.00000000
0.00000000
0.00001037
0.00121412
0.00125391
0.00121010
0.00120752
0.00121203
0.00120438
0.00120554
0.00121104
0.00120522
0.00120639
0.00120580
0.00121275
0.00120923
0.00120753
0.00120698
0.00121125
0.00120503
0.00120663
0.00121029
0.00120663
0.00120632
0.00120471
0.00121107
0.00120482
0.00120578
0.00121170
0.00121013
0.00120489
0.00120531
0.00121173
0.00120523
0.00120616
0.00120587
0.00121139
0.00120551
0.00120543
0.00121238
0.00120546
0.00120517
0.00120573
0.00121057
0.00120406
0.00120578
0.00118488
0.00116497
0.00116632
0.00118179
0.00118134
0.00116504
0.00116556
0.00117406
0.00116570
0.00116584
0.00116548
0.00117042
0.00116446
0.00116563
0.00117066
0.00116509
0.00116616
0.00117112
0.00116438
0.00116632
0.00118261
0.00117294
0.00116532
0.00116625
0.00117119
0.00116598
0.00116462
0.00117047
0.00116536
0.00116574
0.00000000
0.00000000
0.00000000
0.00000000
0.00001128
0.00116764
0.00116562
0.00117272
0.00116430
0.00116628
0.00117027
0.00116523
0.00116342
0.00117527
0.00117770
0.00116701
0.00116409
0.00000000
0.00000000
0.00000000
0.00000000
0.00000999
0.00103157
0.00103953
0.00103116
0.00103184
0.00103779
0.00103147
0.00103156
0.00103729
0.00102932
0.00103054
0.00103666
0.00103084
0.00103003
0.00103711
0.00103276
0.00103237
0.00103748
0.00103135
0.00109579
0.00104059
0.00103064
0.00000000
0.00000000
0.00000000
0.00000000
0.00001083
0.00115728
0.00115272
0.00115788
0.00115716
0.00115527
0.00115232
0.00116174
0.00115589
0.00115456
0.00115910
0.00115455
0.00116238
0.00115934
0.00115803
0.00115640
0.00115119
0.00116076
0.00115407
0.00115598
0.00115077
0.00116134
0.00115228
0.00115718
0.00115856
0.00115502
0.00115354
0.00116203
0.00115226
0.00115699
0.00115148
0.00115453
0.00115206
0.00115819
0.00117684
0.00115865
0.00000000
0.00000000
0.00000000
0.00000000
0.00001153
0.00094926
0.00098165
0.00097089
0.00097074
0.00098006
0.00091681
0.00093386
0.00102516
0.00102974
0.00102380
0.00102374
0.00102920
0.00102669
0.00102551
0.00102945
0.00102354
0.00102228
0.00102913
0.00102354
0.00102429
0.00102770
0.00102377
0.00102280
0.00103052
0.00102256
0.00102403
0.00102858
0.00102406
0.00102304
0.00103055
0.00102226
0.00102282
0.00102845
0.00102228
0.00102505
0.00102943
0.00102300
