0.02749610
0.00441119
0.00422592
0.00416679
0.00423641
0.00420673
0.00415711
0.00422492
0.00436075
0.00436076
0.00433740
0.00434371
0.00437988
0.00438356
0.00437331
0.00432079
0.00436238
0.00438370
0.00436150
0.00431762
0.00431431
0.00435745
0.00440119
0.00435208
0.00432548
0.00435832
0.00439168
0.00432251
0.00458532
0.00439923
0.00438826
0.00439296
0.00433455
0.00436702
0.00438854
0.00436175
0.00432537
0.00435079
0.00442804
0.00438758
0.00435411
0.00437336
0.00438179
0.00439541
0.00431711
0.00435875
0.00440512
0.00438025
0.00435155
0.00438796
0.00440040
0.00452735
0.00454939
0.00450813
0.00448454
0.00452896
0.00453142
0.00452559
0.00448986
0.00468834
0.00462542
0.00460767
0.00449004
0.00451003
0.00463129
0.00470733
0.00465186
0.00449142
0.00450732
0.00458156
0.00454261
0.00455165
0.00447566
0.00449998
0.00453791
0.00453892
0.00450176
0.00450004
0.00451543
0.00455284
0.00456031
0.00452678
0.00448948
0.00466987
0.00455170
0.00456114
0.00449565
0.00451768
0.00452333
0.00453275
0.00454987
0.00452405
0.00448451
0.00452053
0.00457248
0.00456651
0.00449753
0.00451682
0.00454363
0.00455078
0.00457836
0.00451475
0.00451069
0.00450318
0.00455488
0.00465325
0.00461337
0.00451777
0.00450772
0.00453086
0.00452095
0.00452601
0.00448080
0.00453230
0.00458292
0.00455666
0.00458313
0.00452053
0.00452317
0.00453643
0.00455235
0.00453248
0.00451058
0.00450627
0.00462225
0.00471083
0.00473172
0.00464334
0.00000000
0.00000000
0.00000000
0.00000000
0.01887898
0.00285660
0.00281710
0.00280115
0.00277235
0.00281194
0.00280340
0.00277730
0.00286521
0.00277860
0.00277272
0.00277518
0.00274928
0.00278908
0.00273508
0.00281328
0.00275968
0.00276547
0.00000000
0.00000000
0.00000000
0.00000000
0.01851919
0.00295781
0.00287936
0.00277360
0.00276653
0.00300527
0.00278004
0.00276925
0.00278196
0.00276169
0.00282854
0.00275046
0.00275438
0.00275305
0.00278058
0.00280293
0.00276458
0.00276883
0.00276799
0.00277155
0.00276196
0.00277029
0.00276600
0.00276660
0.00276408
0.00278409
0.00275342
0.00275273
0.00276224
0.00276768
0.00276997
0.00277442
0.00276346
0.00277222
0.00277420
0.00276099
0.00277311
0.00276652
0.00711535
0.00615519
0.00614648
0.00462364
0.00342587
0.00291741
0.00255528
0.00246942
0.00247035
0.00247706
0.00253891
0.00248676
0.00249882
0.00249019
0.00248512
0.00249062
0.00249211
0.00248296
0.00248142
0.00249373
0.00248607
0.00248301
0.00247675
0.00248243
0.00247200
0.00246710
0.00246886
0.00247156
0.00247323
0.00248767
0.00246574
0.00247617
0.00247369
0.00246568
0.00247404
0.00250822
0.00247922
0.00247973
0.00247363
0.00247693
0.00248083
0.00248724
0.00264261
0.00249789
0.00249003
0.00248880
0.00248745
0.00248899
0.00248753
0.00256039
0.00257842
0.00257237
0.00257720
0.00257642
0.00257367
0.00257435
0.00255422
0.00255893
0.00255161
0.00256176
0.00256056
0.00254967
0.00255851
0.00256313
0.00257685
0.00256143
0.00256012
0.00255841
0.00256008
0.00255655
0.00255329
0.00255906
0.00255945
0.00255953
0.00255513
0.00256425
0.00298188
0.00265920
0.00263283
0.00260588
0.00258334
0.00258512
0.00258067
0.00257567
0.00257530
0.00257929
0.00257377
0.00255742
0.00255297
0.00258185
0.00255560
0.00256395
0.00255854
0.00257529
0.00255861
0.00256729
0.00255811
0.00256066
0.00255647
0.00255724
0.00255931
0.00255782
0.00255564
0.00255769
0.00254980
0.00256989
0.00256030
0.00255722
0.00255640
0.00256009
0.00257248
0.00256947
0.00256076
0.00255984
0.00256640
0.00255986
0.00253599
0.00255514
0.00257792
0.00257003
0.00256660
0.00256460
0.00256615
0.00264480
0.00265940
0.00265604
0.00265543
0.00264231
0.00266014
0.00265030
0.00266481
0.00263950
0.00266273
0.00263932
0.00269938
0.00263839
0.00268991
0.00265286
0.00269277
0.00271246
0.00265312
0.00272116
0.00269573
0.00276598
0.00265802
0.00271558
0.00268076
0.00265014
0.00267278
0.00265250
0.00273624
0.00265712
0.00269447
0.00265385
0.00271482
0.00266794
0.00265376
0.00267309
0.00264182
0.00273468
0.00265054
0.00269093
0.00270818
0.00267921
0.00266095
0.00266219
0.00266000
0.00265782
0.00268393
0.00265636
0.00268514
0.00265346
0.00275186
0.00265949
0.00266133
0.00279703
0.00268584
0.00270156
0.00266287
0.00271429
0.00267958
0.00269896
0.00266255
0.00269060
0.00266204
0.00267087
0.00267870
0.00267531
0.00271573
0.00266638
0.00271125
0.00278241
0.00272982
0.00266521
0.00270262
0.00267385
0.00268088
0.00265512
0.00266886
0.00268482
0.00266942
0.00269516
0.00266915
0.00272349
0.00266954
0.00267978
0.00265666
0.00000000
0.00000000
0.00000000
0.00000000
0.01337460
0.00198232
0.00193060
0.00196502
0.00195800
0.00201660
0.00195172
0.00192279
0.00193758
0.00192717
0.00197066
0.00193696
0.00198379
0.00193238
0.00197882
0.00193388
0.00192993
0.00195564
0.00193052
0.00194203
0.00192505
0.00198263
0.00195116
0.00199784
0.00195321
0.00196585
0.00193931
0.00192691
0.00194949
0.00201208
0.00196602
0.00195463
0.00197875
0.00194371
0.00198319
0.00195106
0.00193773
0.00197516
0.00195351
0.00196580
0.00193493
0.00199562
0.00194662
0.00197493
0.00194974
0.00193138
0.00193980
0.00192947
0.00198219
0.00195427
0.00197693
0.00193838
0.00196690
0.00194323
0.00193268
0.00196460
0.00192143
0.00196824
0.00192881
0.00197440
0.00195111
0.00200492
0.00193567
0.00198363
0.00194109
0.00194232
0.00194947
0.00193720
0.00203058
0.00201702
0.00206179
0.00202036
0.00205211
0.00202358
0.00203477
0.00203426
0.00200474
0.00201787
0.00200111
0.00200913
0.00199948
0.00204246
0.00201437
0.00206529
0.00200972
0.00205640
0.00200804
0.00206639
0.00202124
0.00205502
0.00202338
0.00206067
0.00201805
0.00205911
0.00201079
0.00201496
0.00213538
0.00203251
0.00201852
0.00203435
0.00201472
0.00202217
0.00201806
0.00201868
0.00202129
0.00202185
0.00202385
0.00202623
0.00201550
0.00201785
0.00202798
0.00201736
0.00201842
0.00202286
0.00207721
0.00201138
0.00201019
0.00201820
0.00201327
0.00201913
0.00202424
0.00205337
0.00203515
0.00201562
0.00200985
0.00202061
0.00200857
0.00202007
0.00202439
0.00202341
0.00203246
0.00201538
0.00200974
0.00201488
0.00201297
0.00202816
0.00202989
0.00202528
0.00201060
0.00202724
0.00201006
0.00201428
0.00202565
0.00202150
0.00202583
0.00202171
0.00201160
0.00201247
0.00201265
0.00201255
0.00203531
0.00202478
0.00204371
0.00201442
0.00201478
0.00201468
0.00201132
0.00202267
0.00201516
0.00000000
0.00000000
0.00000000
0.00000000
0.04281818
0.00357113
0.00338025
0.00328913
0.00321175
0.00321808
0.00321620
0.00321493
0.00320507
0.00322293
0.00321450
0.00322139
0.00326821
0.00320960
0.00323483
0.00322751
0.00321690
0.00320887
0.00322694
0.00322831
0.00322571
0.00321977
0.00322135
0.00321933
0.00321836
0.00321278
0.00321953
0.00321949
0.00321729
0.00321218
0.00322299
