0.00001145
0.00320095
0.00297177
0.00328250
0.00328012
0.00307011
0.00309867
0.00318561
0.00329635
0.00306974
0.00306077
0.00315614
0.00322856
0.00306213
0.00315949
0.00306962
0.00311515
0.00296412
0.00307152
0.00297104
0.00307074
0.00295587
0.00293215
0.00281929
0.00291586
0.00281653
0.00291685
0.00281331
0.00291993
0.00281399
0.00289347
0.00275347
0.00285024
0.00276031
0.00286428
0.00272028
0.00288271
0.00277931
0.00287856
0.00274598
0.00281836
0.00313750
0.00283736
0.00276700
0.00292007
0.00281676
0.00295738
0.00285602
0.00295966
0.00281364
0.00295370
0.00282024
0.00284699
0.00272092
0.00286010
0.00278125
0.00291412
0.00280757
0.00291795
0.00281599
0.00298001
0.00281533
0.00291462
0.00276524
0.00284922
0.00273428
0.00289626
0.00281302
0.00295628
0.00291459
0.00313938
0.00301067
0.00310903
0.00296969
0.00303520
0.00288129
0.00295828
0.00281374
0.00291582
0.00311370
0.00315056
0.00300973
0.00310988
0.00300143
0.00310666
0.00296419
0.00307560
0.00281705
0.00291204
0.00281303
0.00291594
0.00280933
0.00291254
0.00301989
0.00296807
0.00277903
0.00286755
0.00277576
0.00291653
0.00281875
0.00291665
0.00281583
0.00291751
0.00278895
0.00290603
0.00277685
0.00288625
0.00279440
0.00291400
0.00280782
0.00291274
0.00280946
0.00296957
0.00280876
0.00291903
0.00286608
0.00315420
0.00298341
0.00307794
0.00296097
0.00307258
0.00296560
0.00293996
0.00281690
0.00291702
0.00281429
0.00290778
0.00274596
0.00284939
0.00295619
0.00221503
0.00000000
0.00000000
0.00000000
0.00000000
0.00001019
0.00352794
0.00335449
0.00297889
0.00298649
0.00293566
0.00296338
0.00294485
0.00296707
0.00292240
0.00300293
0.00295636
0.00300347
0.00289523
0.00321855
0.00297452
0.00274070
0.00299058
0.00276490
0.00354958
0.00326552
0.00311049
0.00362653
0.00312423
0.00314365
0.00303932
0.00314142
0.00350185
0.00345994
0.00333559
0.00339566
0.00293955
0.00307604
0.00290916
0.00292382
0.00284358
0.00291406
0.00285660
0.00297933
0.00294120
0.00339381
0.00333532
0.00340241
0.00337384
0.00339757
0.00333840
0.00342743
0.00294280
0.00299154
0.00291173
0.00297715
0.00290685
0.00298396
0.00293922
0.00300377
0.00332075
0.00338839
0.00341644
0.00340090
0.00334010
0.00347770
0.00333679
0.00301853
0.00322513
0.00271821
0.00304615
0.00296328
0.00320987
0.00300783
0.00305644
0.00326024
0.00301451
0.00303399
0.00287727
0.00344849
0.00295627
0.00340232
0.00344866
0.00355363
0.00349762
0.00301281
0.00309066
0.00301550
0.00293543
0.00299634
0.00291571
0.00298553
0.00291536
0.00298485
0.00295676
0.00340726
0.00333112
0.00339143
0.00341673
0.00339724
0.00333780
0.00340221
0.00333563
0.00340172
0.00333209
0.00340004
0.00333464
0.00340206
0.00333792
0.00339459
0.00343862
0.00339956
0.00333776
0.00344382
0.00344168
0.00344502
0.00364033
0.00345171
0.00333842
0.00340173
0.00334237
0.00337792
0.00331285
0.00337846
0.00331525
0.00352537
0.00341631
0.00300512
0.00292490
0.00302591
0.00303227
0.00344601
0.00333889
0.00354055
0.00337346
0.00343825
0.00333072
0.00339684
0.00293449
0.00298162
0.00289310
0.00293704
0.00291413
0.00301570
0.00333026
0.00339826
0.00333468
0.00344228
0.00333420
0.00300113
0.00289648
0.00292666
0.00302109
0.00309016
0.00302246
0.00296249
0.00295612
0.00341642
0.00341259
0.00340235
0.00337699
0.00343640
0.00333854
0.00343965
0.00321471
0.00302015
0.00293741
0.00299767
0.00303766
0.00353373
0.00316886
0.00310594
0.00305033
0.00299712
0.00308408
0.00283115
0.00308695
0.00285647
0.00301238
0.00262388
0.00267705
0.00268175
0.00305243
0.00270986
0.00280292
0.00253553
0.00283874
0.00233838
0.00225953
0.00229472
0.00275397
0.00283061
0.00349480
0.00363737
0.00354952
0.00239623
0.00225947
0.00226060
0.00210259
0.00229229
0.00286041
0.00259396
0.00250233
0.00225120
0.00218793
0.00238314
0.00000000
0.00000000
0.00000000
0.00000000
0.00000982
0.00391212
0.00382901
0.00433966
0.00417699
0.00418115
0.00405336
0.00423502
0.00424229
0.00420780
0.00407698
0.00356596
0.00348716
0.00312800
0.00319224
0.00375537
0.00457004
0.00449457
0.00451004
0.00429350
0.00434266
0.00406016
0.00364635
0.00384028
0.00369613
0.00390027
0.00392572
0.00392284
0.00395686
0.00501028
0.00387534
0.00366835
0.00317261
0.00315112
0.00318271
0.00364258
0.00370601
0.00386203
0.00373740
0.00387840
0.00388689
0.00372229
0.00375648
0.00367146
0.00329464
0.00369957
0.00369798
0.00387507
0.00484049
0.00485131
0.00482317
0.00483514
0.00484728
0.00452620
0.00458639
0.00446268
0.00482859
0.00480163
0.00482755
0.00473416
0.00501718
0.00451951
0.00463250
0.00461257
0.00424800
0.00441264
0.00454886
0.00449164
0.00446937
0.00444140
0.00466950
0.00466654
0.00402418
0.00450430
0.00398216
0.00391354
0.00370763
0.00316782
0.00000000
0.00000000
0.00000000
0.00000000
0.00011150
0.00211421
0.00201171
0.00192837
0.00191917
0.00192156
0.00193320
0.00197795
0.00189138
0.00189580
0.00192490
0.00192688
0.00191936
0.00192184
0.00192437
0.00192537
0.00199625
0.00192523
0.00196151
0.00208485
0.00202201
0.00202703
0.00235892
0.00204897
0.00203188
0.00202544
0.00202116
0.00202777
0.00202699
0.00206500
0.00202449
0.00202305
0.00202641
0.00192670
0.00200676
0.00202363
0.00203499
0.00198262
0.00191943
0.00199472
0.00192676
0.00192545
0.00191961
0.00192414
0.00192382
0.00192644
0.00191889
0.00192072
0.00192409
0.00192528
0.00191819
0.00192168
0.00192346
0.00192611
0.00192041
0.00195793
0.00192496
0.00192473
0.00191866
0.00192228
0.00192449
0.00192198
0.00192007
0.00192485
0.00192714
0.00192027
0.00192939
0.00192670
0.00192420
0.00192262
0.00192102
0.00196275
0.00192589
0.00202904
0.00192016
0.00192393
0.00192533
0.00192187
0.00191856
0.00192576
0.00192360
0.00190741
0.00187876
0.00164043
0.00189250
0.00190771
0.00192019
0.00193525
0.00160835
0.00163963
0.00158540
0.00158244
0.00160703
0.00189746
0.00191897
0.00192217
0.00208152
0.00208530
0.00209141
0.00191994
0.00190689
0.00167782
0.00163462
0.00163780
0.00163902
0.00193560
0.00192023
0.00193655
0.00196578
0.00192656
0.00192021
0.00192227
0.00189855
0.00190085
0.00190796
0.00192187
0.00192371
0.00190032
0.00162216
0.00160236
0.00170534
0.00135347
0.00157648
0.00158619
0.00136652
0.00169155
0.00170097
0.00171782
0.00171997
0.00158281
0.00159533
0.00163156
0.00171646
0.00161864
0.00159891
0.00162876
0.00190671
0.00192197
0.00192484
0.00192574
0.00190650
0.00161048
0.00171898
0.00166001
0.00163545
0.00191352
0.00192543
0.00192128
0.00192160
0.00192708
0.00191848
0.00192093
0.00213038
0.00190162
0.00191317
0.00190853
0.00190693
0.00191192
0.00189281
0.00189578
0.00189435
0.00170090
0.00162104
0.00158144
0.00161715
0.00160824
0.00190848
0.00192481
0.00192322
0.00192111
0.00190762
0.00162934
0.00160826
0.00158378
0.00158331
0.00158167
0.00159388
0.00161313
0.00172167
0.00163748
0.00189438
0.00164124
0.00189269
0.00162557
0.00161258
0.00160886
0.00162300
0.00163017
0.00162113
0.00163483
0.00163856
0.00196343
0.00200786
0.00203773
0.00205353
0.00201379
0.00197461
0.00197184
0.00197658
0.00197660
0.00196673
0.00192140
0.00192364
0.00192653
0.00191913
0.00192246
0.00192329
0.00192620
0.00191993
0.00198095
0.00192560
0.00192674
0.00198289
0.00192303
0.00192618
0.00189856
0.00190635
0.00192162
0.00192142
0.00192608
0.00191991
0.00217061
0.00192336
0.00192393
0.00191818
0.00192166
0.00192377
0.00192650
0.00229187
0.00206619
0.00202351
0.00209837
0.00202865
0.00198730
0.00197065
0.00197767
0.00197231
0.00192144
0.00191932
0.00192738
0.00192589
0.00192351
0.00192002
0.00192511
0.00192349
0.00201863
0.00192265
0.00196321
0.00192525
0.00192029
0.00192009
0.00194219
0.00198503
0.00193875
0.00197417
0.00192769
0.00192591
0.00192104
0.00191935
0.00193166
0.00192440
0.00192152
0.00191994
0.00192422
0.00192342
0.00192096
0.00191815
0.00202300
0.00196076
0.00192176
0.00191865
0.00192824
0.00192235
0.00192147
0.00191978
0.00192597
0.00196094
0.00139543
0.00162146
0.00000000
0.00000000
0.00000000
0.00000000
0.00001010
0.00261399
0.00261839
0.00250447
0.00251030
0.00247842
0.00262569
0.00259875
0.00258067
0.00255646
0.00251744
0.00252363
0.00202532
0.00202947
0.00256730
0.00255708
0.00255543
0.00255754
0.00258119
0.00253567
0.00251212
0.00252025
0.00253403
0.00255943
0.00257980
0.00258978
0.00245984
0.00246319
0.00247863
0.00248602
0.00248525
0.00000000
0.00000000
0.00000000
0.00000000
0.00000862
0.00253388
0.00254029
0.00253718
0.00254076
0.00253846
0.00253904
0.00255908
0.00252273
0.00253256
0.00253594
0.00253368
0.00254420
0.00253793
0.00254052
0.00253858
0.00254063
0.00253848
0.00253387
0.00253195
0.00253638
0.00253420
0.00253632
0.00253711
0.00253768
0.00253572
0.00267142
0.00253656
0.00253660
0.00253097
