0.00032950
0.00028758
0.00082314
0.00054571
0.00086658
0.00057530
0.00032611
0.00031657
0.00063323
0.00055776
0.00029427
0.00054587
0.00028553
0.00130829
0.00033824
0.00028535
0.00028580
0.00040260
0.00031009
0.00060415
0.00059883
0.00028717
0.00028386
0.00029690
0.00055215
0.00080700
0.00056115
0.00082684
0.00027826
0.00028574
0.00056158
0.00028468
0.00054395
0.00078884
0.00028459
0.00053813
0.00055272
0.00055132
0.00055189
0.00029484
0.00027543
0.00079191
0.00079399
0.00078812
0.00053870
0.00054111
0.00053967
0.00029302
0.00028537
0.00055889
0.00054429
0.00079256
0.00104372
0.00202804
0.00108877
0.00078923
0.00028528
0.00078821
0.00029037
0.00028633
0.00054093
0.00110835
0.00029698
0.00055692
0.00029368
0.00032228
0.00129592
0.00028397
0.00079689
0.00079273
0.00028301
0.00054233
0.00028547
0.00079393
0.00054917
0.00128372
0.00053564
0.00080446
0.00131790
0.00052061
0.00058864
0.00028335
0.00028610
0.00028506
0.00029135
0.00028300
0.00078922
0.00079091
0.00127383
0.00132852
0.00108127
0.00104782
0.00250136
0.00230584
0.00059044
0.00054097
0.00082341
0.00028284
0.00129570
0.00082918
0.00029214
0.00129265
0.00080031
0.00103779
0.00028587
0.00028593
0.00029303
0.00130770
0.00079277
0.00179190
0.00078992
0.00129330
0.00128444
0.00184053
0.00081779
0.00028676
0.00027904
0.00082907
0.00030030
0.00079812
0.00054112
0.00104078
0.00130965
0.00079422
0.00160118
0.00000000
0.00000000
0.00000000
0.00000000
0.00032038
0.00026899
0.00027669
0.00030519
0.00028856
0.00063447
0.00031095
0.00081163
0.00052717
0.00052920
0.00028054
0.00077526
0.00102261
0.00078135
0.00077086
0.00027417
0.00027550
0.00027867
0.00248668
0.00026947
0.00027668
0.00294557
0.00031030
0.00076789
0.00027431
0.00027581
0.00076931
0.00052971
0.00052111
0.00028909
0.00220968
0.00030970
0.00027818
0.00028374
0.00054912
0.00076660
0.00051880
0.00052411
0.00053922
0.00027392
0.00028325
0.00250083
0.00076801
0.00027434
0.00027802
0.00387475
0.00055375
0.00027570
0.00027500
0.00079372
0.00027524
0.00027534
0.00054562
0.00027806
0.00027423
0.00102319
0.00101827
0.00055414
0.00052314
0.00126030
0.00052330
0.00076618
0.00027722
0.00027343
0.00054257
0.00079151
0.00027708
0.00079433
0.00052436
0.00077145
0.00051965
0.00052696
0.00027598
0.00028209
0.00052488
0.00027579
0.00053405
0.00079537
0.00028245
0.00078429
0.00026980
0.00027446
0.00052631
0.00076279
0.00076398
0.00052063
0.00077797
0.00052800
0.00052222
0.00052289
0.00054929
0.00053739
0.00029056
0.00053817
0.00028212
0.00057402
0.00055904
0.00027700
0.00076907
0.00100286
0.00078246
0.00027676
0.00027523
0.00124790
0.00076717
0.00027397
0.00027783
0.00052626
0.00027358
0.00078400
0.00052418
0.00100101
0.00027561
0.00027540
0.00027439
0.00028928
0.00077546
0.00101209
0.00076551
0.00052788
0.00027489
0.00028574
0.00079719
0.00028400
0.00052317
0.00100955
0.00028306
0.00028045
0.00027417
0.00027390
0.00029037
0.00028281
0.00028113
0.00028652
0.00365215
0.00026544
0.00027603
0.00052458
0.00171260
0.00151390
0.00028828
0.00027523
0.00027411
0.00027569
0.00027425
0.00028191
0.00029425
0.00027673
0.00052508
0.00173284
0.00238365
0.00099727
0.00076353
0.00051781
0.00057136
0.00052660
0.00052207
0.00076244
0.00052152
0.00052211
0.00077241
0.00102066
0.00052977
0.00077844
0.00052520
0.00052370
0.00052339
0.00027636
0.00027578
0.00052562
0.00027621
0.00079203
0.00077880
0.00076917
0.00126208
0.00026697
0.00027590
0.00076803
0.00027495
0.00084796
0.00027884
0.00052117
0.00028003
0.00125576
0.00052294
0.00027476
0.00053612
0.00028931
0.00052718
0.00027409
0.00052346
0.00027671
0.00053245
0.00027492
0.00027732
0.00029052
0.00027458
0.00027600
0.00148971
0.00031017
0.00053089
0.00027306
0.00028325
0.00052424
0.00052115
0.00077460
0.00027553
0.00128063
0.00052078
0.00105278
0.00200692
0.00224849
0.00055685
0.00236532
0.00026593
0.00029250
0.00028184
0.00028179
0.00029896
0.00027597
0.00027719
0.00027750
0.00028353
0.00027495
0.00027754
0.00244878
0.00052027
0.00052184
0.00028890
0.00028378
0.00027563
0.00028281
0.00053620
0.00251913
0.00027474
0.00027620
0.00076716
0.00076071
0.00172382
0.00077630
0.00129777
0.00028509
0.00079245
0.00074662
0.00057802
0.00101396
0.00077175
0.00076436
0.00052230
0.00027675
0.00027509
0.00053781
0.00027596
0.00052177
0.00027792
0.00027610
0.00053980
0.00129272
0.00167340
0.00050766
0.00125596
0.00100628
0.00099908
0.00082049
0.00052352
0.00028110
0.00027843
0.00027712
0.00079587
0.00027702
0.00150070
0.00084661
0.00105202
0.00052381
0.00076538
0.00149171
0.00027754
0.00077630
0.00027794
0.00052531
0.00027974
0.00054231
0.00027569
0.00027692
0.00028447
0.00027589
0.00052489
0.00080681
0.00173115
0.00297021
0.00080821
0.00027705
0.00052304
0.00028579
0.00052574
0.00029327
0.00027595
0.00052407
0.00052069
0.00027552
0.00028001
0.00027450
0.00027692
0.00054587
0.00052281
0.00027593
0.00052210
0.00052166
0.00053281
0.00029212
0.00052094
0.00077546
0.00052060
0.00054275
0.00053841
0.00028673
0.00076943
0.00052672
0.00027594
0.00052676
0.00100919
0.00101532
0.00076582
0.00125710
0.00076242
0.00052788
0.00052206
0.00027299
0.00053233
0.00027547
0.00028958
0.00029735
0.00028448
0.00028296
0.00028901
0.00269551
0.00026755
0.00027594
0.00052389
0.00027688
0.00078591
0.00053302
0.00052241
0.00027548
0.00027686
0.00028508
0.00028301
0.00028543
0.00053691
0.00079255
0.00027015
0.00100486
0.00027869
0.00027702
0.00027673
0.00078435
0.00078562
0.00103891
0.00074116
0.00082370
0.00051995
0.00052198
0.00079632
0.00027652
0.00028426
0.00054322
0.00030529
0.00028067
0.00027680
0.00028247
0.00028937
0.00030400
0.00031505
0.00034161
0.00030089
0.00028758
0.00029639
0.00027669
0.00053120
0.00027698
0.00052826
0.00076193
0.00028468
0.00028616
0.00053837
0.00103911
0.00098066
0.00052746
0.00128911
0.00101069
0.00128839
0.00056757
0.00076832
0.00052624
0.00052258
0.00027540
0.00027896
0.00027681
0.00080765
0.00027443
0.00055034
0.00027828
0.00052191
0.00052060
0.00054260
0.00078686
0.00104185
0.00074607
0.00078600
0.00100851
0.00107403
0.00080928
0.00027491
0.00052882
0.00052487
0.00053212
0.00076831
0.00075965
0.00077080
0.00052391
0.00076879
0.00051930
0.00027498
0.00052968
0.00027529
0.00129522
0.00123562
0.00050808
0.00105736
0.00100645
0.00099744
0.00371802
0.00222672
0.00097092
0.00000000
0.00000000
0.00000000
0.00000000
0.00037860
0.00178946
0.00037477
0.00038827
0.00145571
0.00140750
0.00242355
0.00141085
0.00140739
0.00140610
0.00209835
0.00245289
0.00209261
0.00174902
0.00106972
0.00141175
0.00107761
0.00037913
0.00110160
0.00107114
0.00106895
0.00038060
0.00037513
0.00074179
0.00037395
0.00146269
0.00037840
0.00037469
0.00215967
0.00244514
