0.01981579
0.00311439
0.00310278
0.00314765
0.00309841
0.00306337
0.00313919
0.00312414
0.00315446
0.00306333
0.00305776
0.00305457
0.00306899
0.00306934
0.00305284
0.00305198
0.00305427
0.00306870
0.00305346
0.00304939
0.00305922
0.00305369
0.00307054
0.00306476
0.00306085
0.00305327
0.00305119
0.00305733
0.00305082
0.00306764
0.00305332
0.00305926
0.00306296
0.00305840
0.00306723
0.00305642
0.00304747
0.00305336
0.00306165
0.00305822
0.00306541
0.00301815
0.00309246
0.00306144
0.00305369
0.00305098
0.00305230
0.00305119
0.00305125
0.00303067
0.00307893
0.00306920
0.00302939
0.00311510
0.00305070
0.00305515
0.00305352
0.00304877
0.00308721
0.00305248
0.00304251
0.00306340
0.00305669
0.00305470
0.00305078
0.00310252
0.00304533
0.00305176
0.00306835
0.00304237
0.00305609
0.00305309
0.00306099
0.00308739
0.00305696
0.00307453
0.00304975
0.00305401
0.00305885
0.00304974
0.00305753
0.00305170
0.00301905
0.00300699
0.00309174
0.00306043
0.00305131
0.00305226
0.00313174
0.00311608
0.00305612
0.00309047
0.00307230
0.00297646
0.00315125
0.00305867
0.00305813
0.00305748
0.00305988
0.00305162
0.00305077
0.00306370
0.00307795
0.00305516
0.00305504
0.00305517
0.00305448
0.00304620
0.00307399
0.00306479
0.00307253
0.00306308
0.00305051
0.00305449
0.00305469
0.00304560
0.00306344
0.00305201
0.00307952
0.00305749
0.00305412
0.00306555
0.00305075
0.00306097
0.00305396
0.00305275
0.00310957
0.00301927
0.00311395
0.00309482
0.00305689
0.00305237
0.00305930
0.00306208
0.00305460
0.00303294
0.00308609
0.00305611
0.00306091
0.00305568
0.00305729
0.00302710
0.00306159
0.00305336
0.00305530
0.00305679
0.00304698
0.00305203
0.00296715
0.00308040
0.00305040
0.00305953
0.00306698
0.00304788
0.00305291
0.00305501
0.00305704
0.00305652
0.00305686
0.00310631
0.00306410
0.00307848
0.00306350
0.00305638
0.00305898
0.00299809
0.00306103
0.00306226
0.00305654
0.00308041
0.00305418
0.00305907
0.00302163
0.00307474
0.00305932
0.00305756
0.00305841
0.00305782
0.00307387
0.00305609
0.00306604
0.00313541
0.00312221
0.00306788
0.00306232
0.00306823
0.00306471
0.00306343
0.00305362
0.00305274
0.00305503
0.00305498
0.00305134
0.00304681
0.00304923
0.00304617
0.00305019
0.00305938
0.00305623
0.00305310
0.00306462
0.00305501
0.00307004
0.00305203
0.00305747
0.00310387
0.00306099
0.00306085
0.00307759
0.00306575
0.00306745
0.00306167
0.00306118
0.00305764
0.00306926
0.00305785
0.00305661
0.00305544
0.00305292
0.00305690
0.00297208
0.00308151
0.00304921
0.00306593
0.00307502
0.00306355
0.00305777
0.00300512
0.00310326
0.00304760
0.00306842
0.00308558
0.00305140
0.00305227
0.00306412
0.00316674
0.00308503
0.00306657
0.00305341
0.00305123
0.00305540
0.00306074
0.00305760
0.00305489
0.00306307
0.00307952
0.00305068
0.00305512
0.00306847
0.00305924
0.00310817
0.00307100
0.00307086
0.00305957
0.00306267
0.00306490
0.00308101
0.00307805
0.00306563
0.00308687
0.00306008
0.00305250
0.00304519
0.00305253
0.00304578
0.00305377
0.00305902
0.00305976
0.00305646
0.00306557
0.00305456
0.00306011
0.00305742
0.00305357
0.00307331
0.00305807
0.00306095
0.00306535
0.00306107
0.00305892
0.00306128
0.00306175
0.00305874
0.00305381
0.00305381
0.00307300
0.00311028
0.00305447
0.00304854
0.00305572
0.00305142
0.00305098
0.00305160
0.00305935
0.00306680
0.00306098
0.00307989
0.00306016
0.00307208
0.00305640
0.00305827
0.00305466
0.00306211
0.00305946
0.00306134
0.00306898
0.00306229
0.00305910
0.00306732
0.00305854
0.00305671
0.00305462
0.00304920
0.00304746
0.00304522
0.00304866
0.00304483
0.00304680
0.00308146
0.00305783
0.00305955
0.00300509
0.00311132
0.00305902
0.00305272
0.00305319
0.00304826
0.00306970
0.00304677
0.00305018
0.00305286
0.00305192
0.00305253
0.00305858
0.00305217
0.00305188
0.00305635
0.00305135
0.00304503
0.00304864
0.00304532
0.00304180
0.00304813
0.00305050
0.00304949
0.00308771
0.00307091
0.00305346
0.00305692
0.00305626
0.00301999
0.00313235
0.00308291
0.00307072
0.00305212
0.00305052
0.00313116
0.00304687
0.00304776
0.00304563
0.00304708
0.00305359
0.00305112
0.00305546
0.00305208
0.00304646
0.00305558
0.00306902
0.00305614
0.00305139
0.00310466
0.00316128
0.00307354
0.00306352
0.00309510
0.00311929
0.00305189
0.00304082
0.00304106
0.00318187
0.00310181
0.00305644
0.00305144
0.00304812
0.00306005
0.00305348
0.00304737
0.00312526
0.00305349
0.00305072
0.00305738
0.00306499
0.00306416
0.00305368
0.00306476
0.00305626
0.00305045
0.00304912
0.00310242
0.00310328
0.00308496
0.00306280
0.00308514
0.00305544
0.00305348
0.00305148
0.00305488
0.00305034
0.00314014
0.00301086
0.00305542
0.00305396
0.00305390
0.00305380
0.00305934
0.00305168
0.00308504
0.00305115
0.00305062
0.00304437
0.00304428
0.00305864
0.00308837
0.00308557
0.00306753
0.00306397
0.00306428
0.00305331
0.00304899
0.00306200
0.00304431
0.00306798
0.00307382
0.00305403
0.00304656
0.00305348
0.00304308
0.00304447
0.00304365
0.00304748
0.00306239
0.00306920
0.00305392
0.00305336
0.00305176
0.00313760
0.00315324
0.00313540
0.00315499
0.00317951
0.00310962
0.00315490
0.00305176
0.00304542
0.00305163
0.00305665
0.00305101
0.00305160
0.00305122
0.00306620
0.00306125
0.00306371
0.00305724
0.00307727
0.00308855
0.00307656
0.00305060
0.00311984
0.00304459
0.00305080
0.00310137
0.00312724
0.00305274
0.00305173
0.00304925
0.00304891
0.00305249
0.00000000
0.00000000
0.00000000
0.00000000
0.00965196
0.00147088
0.00141096
0.00141764
0.00140823
0.00141708
0.00141031
0.00141180
0.00141187
0.00141480
0.00140941
0.00148410
0.00143971
0.00137562
0.00141713
0.00140847
0.00142862
0.00146335
0.00144745
0.00145196
0.00145643
0.00141109
0.00140592
0.00140752
0.00140239
0.00141469
0.00140973
0.00140561
0.00141470
0.00142196
0.00147232
0.00141509
0.00140800
0.00140855
0.00141225
0.00140734
0.00141026
0.00140720
0.00141317
0.00143007
0.00140801
0.00140904
0.00142020
0.00140584
0.00140934
0.00141292
0.00140978
0.00141307
0.00142267
0.00142711
0.00141876
0.00141159
0.00142547
0.00141742
0.00140685
0.00141164
0.00141718
0.00141287
0.00140821
0.00141355
0.00140880
0.00140734
0.00141813
0.00141051
0.00141880
0.00142442
0.00140743
0.00141693
0.00141507
0.00142050
0.00150695
0.00142764
0.00142002
0.00142266
0.00141057
0.00141108
0.00142069
0.00146332
0.00147012
0.00141793
0.00141388
0.00140715
0.00141518
0.00143362
0.00141074
0.00140741
0.00140715
0.00141839
0.00140703
0.00140865
0.00141073
0.00142090
0.00140791
0.00147291
0.00144481
0.00139249
0.00141962
0.00140636
0.00141077
0.00141284
0.00141006
0.00141077
0.00144425
0.00141871
0.00141125
0.00141559
0.00141326
0.00145488
0.00146451
0.00140841
0.00142311
0.00141339
0.00141051
0.00141715
0.00140819
0.00141160
0.00146018
0.00145080
0.00142303
0.00141530
0.00144658
0.00145555
0.00148103
0.00141070
0.00141042
0.00145645
0.00140920
0.00140924
0.00141218
0.00141708
0.00141268
0.00143208
0.00140927
0.00141908
0.00141672
0.00141301
0.00145920
0.00144788
0.00145280
0.00141960
0.00140797
0.00141573
0.00141970
0.00141115
0.00141027
0.00141378
0.00141329
0.00140936
0.00141663
0.00141044
0.00141083
0.00150632
0.00141012
0.00141773
0.00140769
0.00140670
0.00141195
0.00141131
0.00140465
0.00141767
0.00140506
0.00141126
0.00141193
0.00140681
0.00149505
0.00145168
0.00146810
0.00141135
0.00142541
0.00141013
0.00142748
0.00140903
0.00147009
0.00145609
0.00146134
0.00141064
0.00143152
0.00141419
0.00142178
0.00143189
0.00142355
0.00145630
0.00146626
0.00145100
0.00141636
0.00142027
0.00146807
0.00141302
0.00142011
0.00145368
0.00145394
0.00147192
0.00141153
0.00141723
0.00145754
0.00143282
0.00147775
0.00143019
0.00140995
0.00141589
0.00141411
0.00140904
0.00141513
0.00141031
0.00143844
0.00140941
0.00141797
0.00141820
0.00140887
0.00141655
0.00145550
0.00147069
0.00145246
0.00141660
0.00140789
0.00142250
0.00147016
0.00136813
0.00140866
0.00141489
0.00140908
0.00140838
0.00141387
0.00141127
0.00142356
0.00146135
0.00144188
0.00146273
0.00142457
0.00146145
0.00141896
0.00141986
0.00141279
0.00141912
0.00141656
0.00141270
0.00141548
0.00140882
0.00141751
0.00141824
0.00141177
0.00146559
0.00142420
0.00141201
0.00141396
0.00142632
0.00141090
0.00142149
0.00142182
0.00144323
0.00141110
0.00141470
0.00141029
0.00146256
0.00140302
0.00141211
0.00142270
0.00143513
0.00141364
0.00147260
0.00141277
0.00141038
0.00142289
0.00143079
0.00140743
0.00141785
0.00141687
0.00145782
0.00146103
0.00144230
0.00143711
0.00147207
0.00141139
0.00000000
0.00000000
0.00000000
0.00000000
0.01416422
0.00218865
0.00218593
0.00218368
0.00220189
0.00218077
0.00217907
0.00218208
0.00218884
0.00218951
0.00212984
0.00225255
