0.00001431
0.00116704
0.00116380
0.00116590
0.00116632
0.00120880
0.00128821
0.00121124
0.00120318
0.00120128
0.00122322
0.00137384
0.00120635
0.00120518
0.00121164
0.00120181
0.00120293
0.00120806
0.00125849
0.00120252
0.00120299
0.00120676
0.00120096
0.00120109
0.00120681
0.00120149
0.00120174
0.00120667
0.00120294
0.00120073
0.00120792
0.00120200
0.00120377
0.00120988
0.00121096
0.00120219
0.00120082
0.00120607
0.00120090
0.00120032
0.00120699
0.00119939
0.00120225
0.00120527
0.00122706
0.00121321
0.00120480
0.00121074
0.00120168
0.00120075
0.00120289
0.00120774
0.00120130
0.00123354
0.00120943
0.00120083
0.00120195
0.00120287
0.00120868
0.00120229
0.00120310
0.00120617
0.00120156
0.00120163
0.00120715
0.00120058
0.00120393
0.00120401
0.00120677
0.00120059
0.00120239
0.00120743
0.00120639
0.00119994
0.00120141
0.00120552
0.00120111
0.00119988
0.00120669
0.00120520
0.00120083
0.00120031
0.00120683
0.00120127
0.00120087
0.00120597
0.00120181
0.00120114
0.00120130
0.00120465
0.00120109
0.00120275
0.00120750
0.00120014
0.00120177
0.00120710
0.00120176
0.00120114
0.00120678
0.00119965
0.00120260
0.00120062
0.00120916
0.00120063
0.00120260
0.00120658
0.00120176
0.00119944
0.00120198
0.00120527
0.00099286
0.00100929
0.00085795
0.00077850
0.00112815
0.00113289
0.00078114
0.00104497
0.00101078
0.00102600
0.00112270
0.00120541
0.00120107
0.00120103
0.00120156
0.00120600
0.00120137
0.00120098
0.00120151
0.00120543
0.00120223
0.00119950
0.00120249
0.00120589
0.00120144
0.00120088
0.00120314
0.00120780
0.00120267
0.00120760
0.00120933
0.00120720
0.00120246
0.00120081
0.00120439
0.00120594
0.00120110
0.00120107
0.00120715
0.00120019
0.00120236
0.00120100
0.00120814
0.00120858
0.00116208
0.00116630
0.00116131
0.00116061
0.00116684
0.00116038
0.00116242
0.00116596
0.00116225
0.00116066
0.00116724
0.00115941
0.00116131
0.00116490
0.00116069
0.00116060
0.00116668
0.00116023
