0.00001432
0.00094369
0.00094155
0.00093808
0.00093647
0.00093682
0.00093409
0.00094364
0.00093453
0.00093799
0.00093581
0.00094364
0.00095909
0.00093978
0.00093409
0.00094146
0.00093471
0.00093804
0.00093505
0.00093730
0.00094169
0.00093827
0.00093628
0.00128497
0.00093711
0.00094811
0.00094424
0.00094726
0.00094741
0.00093780
0.00093648
0.00094399
0.00093496
0.00094121
0.00093485
0.00093821
0.00094594
0.00093843
0.00000000
0.00000000
0.00000000
0.00000000
0.00001314
0.00149396
0.00148487
0.00148526
0.00149097
0.00155444
0.00148770
0.00000000
0.00000000
0.00000000
0.00000000
0.00001151
0.00144542
0.00144487
0.00146032
0.00145022
0.00144371
0.00144370
0.00144925
0.00144812
0.00144389
0.00144265
0.00144764
0.00144277
0.00157420
0.00144468
0.00157688
0.00145123
0.00144336
0.00144277
0.00144968
0.00144202
0.00144443
0.00144207
0.00144759
0.00144285
0.00144248
0.00144743
0.00145077
0.00144249
0.00144261
0.00144850
0.00144811
0.00144149
0.00144303
0.00144802
0.00142899
0.00136484
0.00136287
0.00136924
0.00142513
0.00143278
0.00143832
0.00144596
0.00144286
0.00144051
0.00144662
0.00144801
0.00144244
0.00144149
0.00144945
0.00144089
0.00144402
0.00144145
0.00144793
0.00144207
0.00144335
0.00144194
0.00144893
0.00144117
0.00144329
0.00145869
0.00144821
0.00144141
0.00144267
0.00144644
0.00144851
0.00144028
0.00144240
0.00144674
0.00144278
0.00000000
0.00000000
0.00000000
0.00000000
0.00001209
0.00121098
0.00120136
0.00120372
0.00120770
0.00120375
0.00120177
0.00120790
0.00120108
0.00120261
0.00120756
0.00120560
0.00129707
0.00133276
0.00120528
0.00120516
0.00120938
0.00000000
0.00000000
0.00000000
0.00000000
0.00001213
0.00147764
0.00147655
0.00146964
0.00152960
0.00147680
0.00147685
0.00000000
0.00000000
0.00000000
0.00000000
0.00001162
0.00223213
0.00223728
0.00222980
0.00223491
0.00222778
0.00222255
0.00202086
0.00200057
0.00202190
0.00200126
0.00199960
0.00202777
0.00193879
0.00202861
0.00202261
0.00202562
0.00193249
0.00200214
0.00223450
0.00223535
0.00222911
0.00223335
0.00000000
0.00000000
0.00000000
0.00000000
0.00001086
0.00197112
0.00197483
0.00197710
0.00197603
0.00197418
0.00196682
0.00196849
0.00196697
0.00197369
0.00197255
0.00197208
0.00197208
0.00196644
0.00196677
0.00196786
0.00196884
0.00197346
0.00197358
0.00197406
0.00196607
0.00196602
0.00196628
0.00196783
0.00209913
0.00166694
0.00172699
0.00196727
0.00170909
0.00170141
0.00175590
0.00000000
0.00000000
0.00000000
0.00000000
0.00001282
0.00143261
0.00144961
0.00143633
0.00143113
0.00143121
0.00143769
0.00143097
0.00143225
0.00143070
0.00144113
0.00143113
0.00143123
0.00144507
0.00143808
0.00142999
0.00143257
0.00143779
0.00143536
0.00143227
0.00128958
0.00127291
0.00142553
