0.00050497
0.00076463
0.00126192
0.00023517
0.00043076
0.00047259
0.00050443
0.00048538
0.00025165
0.00024007
0.00024395
0.00022926
0.00022858
0.00022882
0.00024614
0.00025143
0.00023127
0.00023864
0.00103491
0.00022448
0.00022283
0.00021632
0.00083143
0.00147036
0.00021451
0.00021571
0.00021794
0.00020961
0.00077837
0.00077237
0.00021633
0.00021462
0.00021904
0.00021476
0.00021747
0.00021147
0.00020921
0.00021146
0.00020876
0.00021039
0.00021353
0.00020993
0.00021265
0.00021007
0.00020928
0.00000000
0.00000000
0.00000000
0.00000000
0.00028255
0.00022200
0.00022008
0.00022169
0.00022055
0.00022343
0.00022003
0.00022041
0.00079057
0.00095942
0.00109164
0.00096955
0.00091915
0.00020962
0.00039930
0.00021128
0.00079297
0.00021311
0.00025609
0.00057518
0.00145424
0.00127597
0.00109932
0.00092502
0.00075104
0.00039543
0.00021167
0.00021130
0.00021188
0.00075293
0.00021035
0.00023290
0.00022223
0.00022197
0.00116159
0.00081196
0.00021553
0.00058674
0.00077398
0.00095347
0.00021583
0.00021824
0.00021757
0.00021548
0.00021669
0.00021815
0.00059023
0.00060072
0.00021189
0.00039347
0.00021252
0.00021211
0.00021719
0.00057254
0.00020977
0.00024105
0.00021197
0.00021132
0.00021025
0.00057310
0.00039304
0.00039304
0.00021029
0.00021202
0.00078850
0.00057058
0.00091940
0.00021117
0.00074466
0.00057313
0.00039154
0.00057341
0.00057067
0.00021007
0.00057098
0.00021075
0.00021074
0.00039381
0.00110072
0.00021106
0.00020967
0.00039444
0.00021005
0.00020950
0.00000000
0.00000000
0.00000000
0.00000000
0.00027970
0.00041696
0.00022256
0.00022106
0.00022060
0.00152757
0.00100547
0.00151747
0.00085217
0.00088828
0.00087517
0.00102290
0.00109113
0.00105595
0.00024081
0.00023163
0.00023513
0.00103089
0.00023138
0.00141818
0.00083956
0.00023080
0.00023442
0.00023505
0.00023381
0.00064193
0.00103260
0.00102303
0.00063760
0.00103234
0.00023354
0.00023475
0.00024213
0.00116213
0.00022087
0.00022253
0.00041226
0.00022112
0.00022190
0.00022329
0.00022418
0.00022362
0.00022200
0.00022411
0.00022305
0.00082951
0.00154677
0.00041544
0.00022231
0.00082358
0.00024043
0.00108531
0.00024092
0.00024393
0.00023305
0.00023630
0.00027371
0.00023225
0.00023245
0.00023456
0.00043621
0.00023352
0.00023300
0.00023266
0.00000000
0.00000000
0.00000000
0.00000000
0.00032593
0.00045048
0.00020629
0.00020389
0.00020747
0.00020731
0.00020202
0.00038363
0.00020478
0.00060719
0.00020643
0.00037609
0.00019553
0.00019480
0.00019564
0.00035981
0.00019560
0.00019700
0.00019577
0.00019465
0.00019649
0.00052227
0.00022268
0.00056125
0.00019329
0.00036485
0.00019544
0.00019310
0.00000000
0.00000000
0.00000000
0.00000000
0.00022512
0.00039380
0.00018936
0.00065536
0.00023572
0.00018780
0.00018931
0.00018869
0.00100356
0.00049812
0.00034645
0.00042987
0.00018621
0.00035452
0.00018779
0.00018508
0.00018747
0.00018885
0.00018693
0.00019066
0.00111215
0.00055099
0.00034906
0.00018802
0.00018787
0.00034883
0.00018714
0.00034883
0.00018923
0.00019162
0.00018651
0.00020418
0.00034937
0.00034608
