0.01423275
0.00219139
0.00217724
0.00217496
0.00224951
0.00222707
0.00232201
0.00219246
0.00219615
0.00219989
0.00217686
0.00216684
0.00217395
0.00215598
0.00217360
0.00216426
0.00215600
0.00215474
0.00217519
0.00217043
0.00212681
0.00215652
0.00217370
0.00215909
0.00215952
0.00215829
0.00220923
0.00224034
0.00224311
0.00226139
0.00224123
0.00224979
0.00229835
0.00278919
0.00249262
0.00224938
0.00228023
0.00223885
0.00227665
0.00225368
0.00223609
0.00223610
0.00223416
0.00223718
0.00223411
0.00223228
0.00223760
0.00223212
0.00223295
0.00223719
0.00000000
0.00000000
0.00000000
0.00000000
0.01249654
0.00184305
0.00191270
0.00180942
0.00181278
0.00180206
0.00181797
0.00186121
0.00180096
0.00000000
0.00000000
0.00000000
0.00000000
0.01167304
0.00182338
0.00171554
0.00171555
0.00172060
0.00171239
0.00169337
0.00174154
0.00172608
0.00173391
0.00171686
0.00171309
0.00171594
0.00171401
0.00171219
0.00000000
0.00000000
0.00000000
0.00000000
0.01142971
0.00165622
0.00170439
0.00162982
0.00162997
0.00164311
0.00166519
0.00164260
0.00172860
0.00171399
0.00163694
0.00163799
0.00165538
0.00162460
0.00000000
0.00000000
0.00000000
0.00000000
0.01541712
0.00239788
0.00229601
0.00228679
0.00228146
0.00234911
0.00229454
0.00229665
0.00228213
0.00230908
0.00229394
0.00227948
0.00228173
0.00227873
0.00250133
0.00228420
0.00228036
0.00000000
0.00000000
0.00000000
0.00000000
0.01234523
0.00193775
0.00183252
0.00182699
0.00182730
0.00185073
0.00182626
0.00181183
0.00183282
0.00183124
0.00182264
0.00181816
0.00181299
0.00182145
0.00181729
0.00182207
0.00182180
0.00181413
0.00181422
0.00182901
0.00183562
0.00182797
0.00183960
0.00183530
0.00183358
0.00181473
0.00181052
0.00182258
0.00181902
0.00487386
0.00441544
0.00424135
0.00357210
0.00248771
0.00211734
0.00194609
0.00175105
0.00167995
0.00179076
0.00170692
0.00170421
0.00169581
0.00168940
0.00169425
0.00170664
0.00170659
0.00171546
