0.00043507
0.00046719
0.00042643
0.00123158
0.00084547
0.00130630
0.00204676
0.00242702
0.00235805
0.00120927
0.00125426
0.00313135
0.00260037
0.00213337
0.00129918
0.00044445
0.00044534
0.00045137
0.00043312
0.00169532
0.00168086
0.00045117
0.00043106
0.00169588
0.00044468
0.00085451
0.00048347
0.00044308
0.00127488
0.00316131
0.00256709
0.00267115
0.00090268
0.00095135
0.00044467
0.00044453
0.00044405
0.00044123
0.00085928
0.00086213
0.00085981
0.00044545
0.00126982
0.00211954
0.00127558
0.00126402
0.00085931
0.00124826
0.00083393
0.00041712
0.00119686
0.00242861
0.00042233
0.00046369
0.00119973
0.00120372
0.00159311
0.00119830
0.00159686
0.00162899
0.00163697
0.00162125
0.00403779
0.00083057
0.00081569
0.00042040
0.00043402
0.00043212
0.00042852
0.00045595
0.00083372
0.00043267
0.00043085
0.00043239
0.00162989
0.00238649
0.00041836
0.00042026
0.00041972
0.00044182
0.00043023
0.00045304
0.00161698
0.00087172
0.00042975
0.00048331
0.00046550
0.00046089
0.00055337
0.00042141
0.00043855
0.00131437
0.00286158
0.00403083
0.00196673
0.00042241
0.00043117
0.00043245
0.00043405
0.00043296
0.00043801
0.00043572
0.00043344
0.00043966
0.00043411
0.00043347
0.00043614
0.00043331
0.00123707
0.00043171
0.00084035
0.00043252
0.00203075
0.00042158
0.00042140
0.00042161
0.00058428
0.00042209
0.00044242
0.00042543
0.00042604
0.00045022
0.00043531
0.00044496
0.00044411
0.00046509
0.00043581
0.00043817
0.00043590
0.00043170
0.00084125
0.00042125
0.00042503
0.00042187
0.00042235
0.00045785
0.00043207
0.00043199
0.00088147
0.00083706
0.00128142
0.00041996
0.00042163
0.00045352
0.00044043
0.00043239
0.00043365
0.00042975
0.00296823
0.00249151
0.00243099
0.00124898
0.00042319
0.00042530
0.00042054
0.00200533
0.00044297
0.00352080
0.00170024
0.00042641
0.00204926
0.00127708
0.00043145
0.00043448
0.00043208
0.00043062
0.00043284
0.00043155
0.00362891
0.00124592
0.00059446
0.00084656
0.00044520
0.00124413
0.00162699
0.00043824
0.00043140
0.00083165
0.00083807
0.00043154
0.00124402
0.00083502
0.00123966
0.00162128
0.00119916
0.00119478
0.00237968
0.00089454
0.00161362
0.00083102
0.00126235
0.00123362
0.00043193
0.00047231
0.00043231
0.00123372
0.00162420
0.00131294
0.00245348
0.00234451
0.00042025
0.00244663
0.00124371
0.00197156
0.00165234
0.00358917
0.00083530
0.00200776
0.00041951
0.00127889
0.00043151
0.00043218
0.00043493
0.00083604
0.00043796
0.00043005
0.00045560
0.00047313
0.00043136
0.00043177
0.00043597
0.00087894
0.00124288
0.00158608
0.00159077
0.00086578
0.00113861
0.00044095
0.00207579
0.00210469
0.00210603
0.00202313
0.00168919
0.00045988
0.00081074
0.00164279
0.00160894
0.00199906
0.00166424
0.00122415
0.00171572
0.00206276
0.00161362
0.00042504
0.00044448
0.00125074
0.00782641
0.00235409
0.00044161
0.00042897
0.00044995
0.00122773
0.00124090
0.00162339
0.00127481
0.00122941
0.00122983
0.00081139
0.00045188
0.00042642
0.00162310
0.00122819
0.00162280
0.00123169
0.00161483
0.00083493
0.00082949
0.00083684
0.00082893
0.00122172
0.00041717
0.00046448
0.00042309
0.00083290
0.00042697
0.00042931
0.00288002
0.00123784
0.00118838
0.00215926
0.00125299
0.00320383
0.00131907
0.00122893
0.00080459
0.00122771
0.00205785
0.00126656
0.00042744
0.00201093
0.00164882
0.00161149
0.00243807
0.00124645
0.00081075
0.00080963
0.00123000
0.00167642
0.00242848
0.00237809
0.00356891
0.00200206
0.00201305
0.00213602
0.00203741
0.00119415
0.00041442
0.00407255
0.00310444
0.00283134
0.00161560
0.00170402
0.00208462
0.00200393
0.00126620
0.00043157
0.00163480
0.00087932
0.00150320
0.00164321
0.00180588
0.00124031
0.00087791
0.00123403
0.00087580
0.00043211
0.00000000
0.00000000
0.00000000
0.00000000
0.00050415
0.00050395
0.00050512
0.00098603
0.00051445
0.00142602
0.00049261
0.00051116
0.00098190
0.00099293
0.00098617
0.00050835
0.00050830
0.00050921
0.00052721
0.00050713
0.00051091
0.00098257
0.00050498
0.00207027
0.00252974
0.00233703
0.00197201
0.00145192
0.00193319
0.00201618
0.00187552
0.00148962
0.00239893
0.00286774
0.00194808
0.00050412
0.00050291
0.00144595
0.00196626
0.00103221
0.00141459
0.00197518
0.00197637
0.00244367
0.00146278
0.00141654
0.00052129
0.00051871
0.00050880
0.00196841
0.00098560
0.00098773
0.00098436
0.00098008
0.00192984
0.00099052
0.00145597
0.00050965
0.00196942
0.00192409
0.00192398
0.00193680
0.00192916
0.00192331
0.00050306
0.00161213
0.00103618
0.00192333
0.00053839
0.00187189
0.00049447
0.00149695
0.00285878
0.00050653
0.00145850
0.00098917
0.00150120
0.00145491
0.00192826
0.00100536
0.00050590
0.00098216
0.00098621
0.00098361
0.00098652
0.00146222
0.00145644
0.00146124
0.00098230
0.00098580
0.00098147
0.00145805
0.00149849
0.00099851
0.00142826
0.00148785
0.00050886
0.00098528
0.00145363
0.00098353
0.00150025
0.00099269
0.00097917
0.00146419
0.00098456
0.00146153
0.00144852
0.00098301
0.00149828
0.00146407
0.00051207
0.00098612
0.00050417
0.00145742
0.00262957
0.00163880
0.00148293
0.00145464
0.00050268
0.00098151
0.00050328
0.00098648
0.00146410
0.00098393
0.00154833
0.00150373
0.00098459
0.00150082
0.00098605
0.00099403
0.00050809
0.00098655
0.00098765
0.00146685
0.00098648
0.00051180
0.00098255
0.00050492
0.00385266
0.00242689
0.00148226
0.00150221
0.00145882
0.00200622
0.00188163
0.00197011
0.00145118
0.00145571
0.00146792
0.00098533
0.00051034
0.00051378
0.00098964
0.00145948
0.00050497
0.00050558
0.00050143
0.00050303
0.00050163
0.00147502
0.00146273
0.00098028
0.00193225
0.00145842
0.00145797
0.00098550
0.00098191
0.00162689
0.00196036
0.00146244
0.00296252
0.00104528
0.00049391
0.00050700
0.00101682
0.00194377
0.00239957
0.00146233
0.00286737
0.00146742
0.00098178
0.00239801
0.00098944
0.00145439
0.00145009
0.00098374
0.00192999
0.00099303
0.00193283
0.00239844
0.00237772
0.00199851
0.00145958
0.00238405
0.00050413
0.00145595
0.00145686
0.00146118
0.00050569
0.00050901
0.00098599
0.00145345
0.00145422
0.00192551
0.00202771
0.00150774
0.00145839
0.00197158
0.00050828
0.00050785
0.00050722
0.00055188
0.00050413
0.00050493
0.00192928
0.00240769
0.00145699
0.00245480
0.00050547
0.00380453
0.00192574
0.00193761
0.00050760
0.00203247
0.00050759
0.00050643
0.00150358
0.00050450
0.00098103
0.00148677
0.00150225
0.00195525
0.00114283
0.00099600
0.00050614
0.00146295
0.00239234
0.00192723
0.00193459
0.00286504
0.00145810
0.00098552
0.00146868
0.00145713
0.00101397
0.00150933
0.00146458
0.00107957
0.00304543
0.00312475
0.00106337
0.00149609
0.00154516
0.00204382
0.00201100
0.00098181
0.00106280
0.00098622
0.00251371
0.00146094
0.00147632
0.00100189
0.00196800
0.00197434
0.00239383
0.00050755
0.00149706
0.00145412
0.00098177
0.00150218
0.00050424
0.00054040
0.00053028
0.00152953
0.00107510
0.00103329
0.00206676
0.00103510
0.00053066
0.00103580
0.00055055
0.00053287
0.00163718
0.00103625
0.00107079
0.00173869
0.00145814
0.00052053
0.00148799
0.00145585
0.00149413
0.00145548
0.00147242
0.00145985
0.00098988
0.00050858
0.00053259
0.00098591
0.00050980
0.00145686
0.00098349
0.00053081
0.00098118
0.00490666
0.00050752
0.00054627
0.00383352
0.00192029
0.00054344
0.00100679
0.00333606
0.00119834
0.00248611
0.00192519
0.00239475
0.00145062
0.00296385
0.00198653
0.00145569
0.00197367
0.00150886
0.00097716
0.00050738
0.00097711
0.00239450
0.00240443
0.00287790
0.00243458
0.00098254
0.00191859
0.00145762
0.00286936
0.00332884
0.00145741
0.00100705
0.00098803
0.00151049
0.00192608
0.00145869
0.00102392
0.00152899
0.00098208
0.00050477
0.00050421
0.00052168
0.00197746
0.00056137
0.00145866
0.00097994
0.00050921
0.00193350
0.00098394
0.00154509
0.00051855
0.00344605
0.00201027
0.00192209
0.00050824
0.00145629
0.00098264
0.00050631
0.00192971
0.00203972
0.00052348
0.00331480
0.00053087
0.00149316
0.00149038
0.00056086
0.00192046
0.00050637
0.00303380
0.00101585
0.00098342
0.00286890
0.00145579
0.00145179
0.00150179
0.00052135
0.00052588
0.00158259
0.00049809
0.00577125
0.00051163
0.00148669
0.00098696
0.00098733
0.00204462
0.00103199
0.00192854
0.00192939
0.00192500
0.00193043
0.00098199
0.00050570
0.00098166
0.00098931
0.00192352
0.00149418
0.00054314
0.00144899
0.00149736
0.00098340
0.00151073
0.00243417
0.00149851
0.00145267
0.00149789
0.00192831
0.00098220
0.00198524
0.00101163
0.00101268
0.00052120
0.00052343
0.00096387
0.00192951
0.00241215
0.00198061
0.00102576
0.00098995
0.00241246
0.00050513
0.00192864
0.00097931
0.00198269
0.00146229
0.00050745
0.00051256
0.00100825
0.00149987
0.00186123
0.00239494
0.00252723
0.00152255
0.00261069
0.00056631
0.00054993
0.00110381
0.00204023
0.00070409
0.00139438
0.00072810
0.00054701
