0.00030669
0.00050552
0.00051083
0.00051696
0.00026977
0.00026918
0.00033223
0.00095915
0.00028897
0.00052340
0.00075737
0.00074512
0.00077670
0.00076765
0.00052413
0.00076969
0.00027473
0.00026931
0.00027241
0.00051096
0.00026209
0.00052855
0.00049600
0.00206381
0.00118508
0.00000000
0.00000000
0.00000000
0.00000000
0.00030882
0.00073180
0.00049554
0.00049820
0.00049884
0.00051887
0.00026982
0.00026350
0.00027295
0.00027034
0.00026468
0.00118138
0.00073771
0.00051446
0.00099236
0.00049752
0.00118258
0.00049426
0.00074141
0.00049489
0.00049628
0.00026126
0.00049802
0.00050844
0.00075545
0.00050701
0.00051632
0.00074201
0.00025491
0.00026609
0.00028146
0.00213405
0.00000000
0.00000000
0.00000000
0.00000000
0.00030854
0.00027500
0.00075736
0.00075900
0.00075625
0.00101524
0.00078027
0.00104547
0.00051672
0.00105890
0.00061885
0.00127331
0.00027497
0.00076072
0.00052027
0.00051673
0.00052925
0.00077476
0.00174650
0.00027265
0.00052002
0.00051550
0.00052058
0.00098950
0.00051564
0.00075290
0.00077671
0.00077331
0.00028054
0.00053050
0.00077913
0.00079129
0.00099126
0.00075315
0.00078168
0.00075664
0.00075087
0.00075402
0.00075793
0.00103068
0.00076200
0.00199239
0.00053149
0.00028052
0.00028024
0.00053900
0.00031663
0.00027754
0.00051936
0.00027466
0.00027466
0.00027930
0.00028149
0.00028266
0.00028160
0.00028688
0.00027561
0.00027915
0.00053384
0.00077787
0.00028061
0.00077644
0.00051768
0.00051619
0.00051718
0.00053550
0.00078000
0.00053064
0.00126155
0.00050318
0.00192523
0.00104333
0.00104376
0.00120631
0.00059922
0.00056410
0.00051843
0.00077158
0.00051855
0.00051927
0.00054266
0.00100330
0.00027274
0.00051962
0.00027351
0.00055771
0.00076133
0.00052145
0.00102880
0.00075705
0.00051849
0.00126224
0.00027327
0.00075726
0.00075656
0.00051534
0.00077432
0.00052002
0.00075700
0.00123554
0.00099359
0.00076051
0.00051782
0.00078008
0.00051676
0.00122984
0.00027348
0.00051907
0.00027193
0.00077744
0.00077734
0.00077885
0.00077542
0.00146156
0.00147056
0.00051401
0.00027234
0.00472470
0.00099472
0.00099720
0.00103539
0.00103802
0.00106719
0.00080498
0.00075553
0.00078596
0.00075341
0.00075281
0.00051550
0.00051697
0.00077514
0.00053303
0.00077631
0.00077779
0.00052665
0.00080155
0.00075083
0.00075377
0.00076144
0.00102743
0.00099499
0.00075819
0.00099841
0.00145116
0.00075556
0.00075356
0.00053511
0.00077552
0.00052909
0.00101641
0.00073898
0.00075515
0.00122264
0.00099815
0.00074863
0.00078374
0.00098479
0.00098790
0.00098530
0.00098485
0.00075405
0.00077326
0.00077387
0.00078088
0.00122802
0.00099091
0.00075437
0.00051547
0.00052272
0.00077946
0.00078148
0.00052990
0.00078331
0.00051472
0.00052227
0.00084425
0.00053876
0.00052915
0.00054876
0.00103614
0.00053565
0.00053451
0.00078386
0.00128415
0.00098558
0.00080020
0.00076098
0.00075386
0.00075674
0.00075577
0.00076079
0.00028114
0.00053172
0.00053039
0.00050347
0.00027445
0.00027985
0.00051883
0.00028078
