0.00034654
0.00060765
0.00031913
0.00031755
0.00032557
0.00032428
0.00031547
0.00031880
0.00032823
0.00032024
0.00031837
0.00031592
0.00031390
0.00035876
0.00031513
0.00064324
0.00038362
0.00061692
0.00031734
0.00033670
0.00031663
0.00037230
0.00037765
0.00032078
0.00033216
0.00031804
0.00031673
0.00031551
0.00036401
0.00031591
0.00031488
0.00031747
0.00031591
0.00031349
0.00031486
0.00031656
0.00031555
0.00031608
0.00031604
0.00030613
0.00030754
0.00035104
0.00030653
0.00030632
0.00030821
0.00032105
0.00031493
0.00030884
0.00030699
0.00030783
0.00030765
0.00037057
0.00031471
0.00030574
0.00031315
0.00031508
0.00031438
0.00030475
0.00031532
0.00035154
0.00032274
0.00031583
0.00035094
0.00030593
0.00035189
0.00032397
0.00032468
0.00035939
0.00031558
0.00031398
0.00031459
0.00031563
0.00031289
0.00031451
0.00031593
0.00031340
0.00088594
0.00031011
0.00143692
0.00140966
0.00117698
0.00143692
0.00088026
0.00089140
0.00085550
0.00086499
0.00030797
0.00031415
0.00086704
0.00030922
0.00092025
0.00058717
0.00031152
0.00037068
0.00031097
0.00145398
0.00276131
0.00030827
0.00031701
0.00031517
0.00093157
0.00031654
0.00031534
0.00031862
0.00060111
0.00116498
0.00060325
0.00031697
0.00227521
0.00122421
0.00062816
0.00058582
0.00033649
0.00060593
0.00115571
0.00031697
0.00115745
0.00202447
0.00101278
0.00093901
0.00249900
0.00245847
0.00157301
0.00064898
0.00524046
0.00099372
0.00085746
0.00305924
0.00109565
0.00102515
0.00065748
0.00066439
0.00094881
0.00060409
0.00092014
0.00032308
0.00088768
0.00060898
0.00311486
0.00031831
0.00031687
0.00031848
0.00060655
0.00201300
0.00181015
0.00035440
0.00121874
0.00149039
0.00091197
0.00092423
0.00178593
0.00206562
0.00060598
0.00119483
0.00096174
0.00268210
0.00254192
0.00066070
0.00102883
0.00138057
0.00226372
0.00133243
0.00233417
0.00070682
0.00036538
0.00131071
0.00162943
0.00065743
0.00034377
0.00063954
0.00033342
0.00063406
0.00032442
0.00062014
0.00091461
0.00032727
0.00032530
0.00092008
0.00032458
0.00032503
0.00092238
0.00088818
0.00031966
0.00148942
0.00031655
0.00031843
0.00031689
0.00031579
0.00032514
0.00031844
0.00031934
0.00065236
0.00031743
0.00060832
0.00059644
0.00030863
0.00030997
0.00032323
0.00061614
0.00032284
0.00031884
0.00031924
0.00032000
0.00031808
0.00060610
0.00060581
0.00032303
