0.00001051
0.01029796
0.01019263
0.01057938
0.01031301
0.00991482
0.01024609
0.00997461
0.00974877
0.00957042
0.00947125
0.00938877
0.00948616
0.00945952
0.00960978
0.00939938
0.00955935
0.00976328
0.01002078
0.00974809
0.00969557
0.00943735
0.00947566
0.00955773
0.00954571
0.00000000
0.00000000
0.00000000
0.00000000
0.00001216
0.01123701
0.01069498
0.01056612
0.01061472
0.01051164
0.01060050
0.01059433
0.01062639
0.01054939
0.01135417
0.01108175
0.01088215
0.01097579
0.01087803
0.01074464
0.01115345
0.01085277
0.01086492
0.01066374
0.01160040
0.01100024
0.01103810
0.01063623
0.01087748
0.01056146
0.01049810
0.01046191
0.01055234
0.01049324
0.01068536
0.01048321
0.01064808
0.01055047
0.01093086
0.01054439
0.01118826
0.01095545
0.01086539
0.01070808
0.01128897
0.01107185
0.01091157
0.00000000
0.00000000
0.00000000
0.00000000
0.00001230
0.00809453
0.00736119
0.00746171
0.00729277
0.00738523
0.00733811
0.00742084
0.00738000
0.00736585
0.00742705
0.00737473
0.00760366
0.00749408
0.00744359
0.00745264
0.00742410
0.00766097
0.00744882
0.00736389
0.00742960
0.00752893
0.00741214
0.00742002
0.00752730
0.00738491
0.00730586
0.00742796
0.00735859
0.00738633
0.00738033
0.00746306
0.00746721
0.00748272
0.00744210
0.00743957
0.00740857
0.00754491
0.00757188
0.00810279
0.00778487
0.00763045
0.00744648
0.00740498
0.00748290
0.00740197
0.00743858
0.00745602
0.00763410
0.00765247
0.00761998
0.00742257
0.00746893
0.00732352
0.00745777
0.00748334
0.00755090
0.00741480
0.00742560
0.00739772
0.00742868
0.00736249
0.00744033
0.00750228
0.00736560
0.00745567
0.00746423
0.00750911
0.00746977
0.00746075
0.00744461
0.00740629
0.00737935
0.00749189
0.00739131
0.00754021
0.00742981
0.00746844
0.00744547
0.00760136
0.00746356
0.00752037
0.00759910
0.00733345
0.00734580
0.00744823
0.00741837
0.00749061
0.00000000
0.00000000
0.00000000
0.00000000
0.00001088
0.00864105
0.00852342
0.00867606
0.00860773
0.00849865
0.00853870
0.00861021
0.00861389
0.00859776
0.00856021
0.00851325
0.00860021
0.00862163
0.00865193
0.00858078
0.00873845
0.00858382
0.00900785
0.00869937
0.00865552
0.00855928
0.00872902
0.00869173
0.00904634
0.00861928
0.00853375
0.00842499
0.00852197
0.00838200
0.00647623
0.00643168
0.00641033
0.00000000
0.00000000
0.00000000
0.00000000
0.00019988
0.01278482
0.01208553
0.01304015
0.01191506
0.01284636
0.01190889
0.01287824
0.01192625
0.01302136
0.01200677
0.01286865
0.01186452
0.01283355
0.00000000
0.00000000
0.00000000
0.00000000
0.00001120
0.01214155
0.01194147
0.01208888
0.01197150
0.01232166
0.01204096
0.00000000
0.00000000
0.00000000
0.00000000
0.00021035
0.00825285
0.00746331
0.00741738
0.00750187
0.00000000
0.00000000
0.00000000
0.00000000
0.00000980
0.00675316
0.00673344
0.00691216
0.00672860
0.00000000
0.00000000
0.00000000
0.00000000
0.00000890
0.00684556
0.00685027
0.00687296
0.00000000
0.00000000
0.00000000
0.00000000
0.00000900
0.00696072
0.00682013
0.00680034
0.00669447
0.00660139
0.00000000
0.00000000
0.00000000
0.00000000
0.00000917
0.00593616
0.00587165
0.00599402
0.00578694
0.00570611
0.00597263
0.00571394
0.00577486
0.00579184
0.00609313
0.00598005
0.00600999
0.00605648
0.00606487
0.00613629
0.00607032
0.00617485
0.00593308
0.00598126
0.00549277
0.00547255
0.00542527
0.00536788
0.00544777
0.00569195
0.00580762
0.00575968
0.00613139
0.00611421
0.00611020
0.00621193
0.00613280
0.00608482
0.00662684
0.00646516
0.00645914
0.00639720
0.00646491
0.00000000
0.00000000
0.00000000
0.00000000
0.00001076
0.00525757
0.00520819
0.00506943
0.00518686
0.00613770
0.00620280
0.00563042
0.00667280
0.00000000
0.00000000
0.00000000
0.00000000
0.00000928
0.00581761
0.00587286
0.00586520
0.00640101
0.00638802
0.00645019
0.00646374
0.00641752
0.00646096
0.00642380
0.00651619
0.00658321
0.00641203
0.00644505
0.00662590
0.00646137
0.00654122
0.00656479
0.00661052
0.00637358
0.00642702
0.00640946
0.00647116
0.00649199
0.00650791
0.00646286
0.00642035
0.00642628
0.00638368
0.00640540
0.00646454
0.00586168
0.00586848
0.00586217
0.00595963
0.00593075
0.00595980
0.00590212
0.00602039
0.00584334
0.00588207
0.00609994
0.00584584
0.00595239
0.00591185
0.00586782
0.00583273
0.00580753
0.00588460
0.00614189
0.00598755
0.00609518
0.00613708
0.00606434
0.00543763
0.00548779
0.00539100
0.00539249
0.00532188
0.00527112
0.00511298
0.00500214
0.00492040
0.00486424
0.00485974
0.00524837
0.00529086
0.00529582
0.00542998
0.00603277
0.00530151
0.00468926
0.00435797
0.00504822
0.00427115
0.00426338
0.00423114
0.00429056
0.00527622
0.00422123
0.00428082
0.00622404
0.00604760
0.00597634
0.00613860
0.00584511
0.00626792
0.00652795
0.00601564
0.00588109
0.00571984
0.00547837
0.00539874
0.00533139
0.00535989
0.00525863
0.00526548
0.00521313
0.00524448
0.00535763
0.00532207
0.00530174
0.00553666
0.00586650
0.00594934
0.00594467
0.00570318
0.00604481
0.00593953
0.00602483
0.00574121
0.00640106
0.00644473
0.00658545
0.00644014
0.00648034
0.00642494
0.00648601
0.00644237
0.00641648
0.00584221
0.00647261
0.00671497
0.00639974
0.00642665
0.00658713
0.00650170
0.00646409
0.00640000
0.00619927
0.00578223
0.00570591
0.00574434
0.00579234
0.00648662
0.00640871
0.00641873
0.00647475
0.00634194
0.00589216
0.00603591
0.00581041
0.00575757
0.00575645
0.00600274
0.00579620
0.00592113
0.00580040
0.00589043
0.00590553
0.00587527
0.00649267
0.00645888
0.00655643
0.00648872
0.00646319
0.00641298
0.00591993
0.00588826
0.00586527
0.00596249
0.00604670
0.00576920
0.00584179
0.00569410
0.00581050
0.00587435
0.00577265
0.00573769
0.00579688
0.00573441
0.00566610
0.00612880
