0.01450892
0.00227222
0.00224611
0.00234221
0.00239614
0.00235419
0.00243927
0.00239891
0.00237315
0.00251084
0.00250752
0.00245979
0.00257932
0.00253323
0.00260541
0.00249562
0.00244119
0.00248381
0.00253475
0.00241332
0.00250547
0.00244773
0.00251364
0.00236985
0.00241129
0.00242672
0.00235441
0.00235899
0.00239593
0.00246820
0.00235008
0.00242325
0.00241692
0.00236300
0.00228535
0.00222635
0.00212197
0.00213951
0.00212763
0.00237323
0.00226233
0.00220514
0.00215169
0.00211776
0.00212009
0.00220861
0.00222771
0.00230456
0.00227657
0.00226211
0.00227947
0.00226754
0.00234894
0.00226853
0.00240684
0.00226633
0.00234105
0.00234111
0.00245076
0.00228814
0.00223455
0.00220281
0.00220704
0.00211724
0.00211744
0.00210554
0.00214690
0.00209175
0.00208938
0.00205113
0.00211648
0.00205995
0.00216419
0.00210500
0.00210819
0.00217405
0.00216836
0.00211254
0.00210528
0.00211129
0.00213369
0.00211504
0.00210376
0.00210697
0.00210945
0.00211544
0.00210383
0.00210730
0.00211372
0.00210940
0.00211688
0.00212315
0.00000000
0.00000000
0.00000000
0.00000000
0.01024627
0.00164205
0.00163579
0.00164118
0.00163118
0.00166212
0.00168177
0.00164054
0.00162347
0.00193150
0.00185532
0.00170812
0.00170142
0.00164548
0.00169183
0.00165825
0.00164080
0.00165015
0.00165898
0.00165909
0.00000000
0.00000000
0.00000000
0.00000000
0.01580505
0.00247555
0.00251925
0.00247096
0.00247982
0.00248084
0.00250737
0.00254513
0.00255503
0.00254831
0.00252239
0.00249780
0.00247629
0.00247363
0.00250602
0.00252645
0.00249709
0.00251839
0.00273117
0.00270948
0.00267878
0.00267574
0.00268837
0.00267938
0.00268849
0.00277755
0.00277680
0.00000000
0.00000000
0.00000000
0.00000000
0.01538064
0.00238402
0.00233705
0.00800407
0.00720383
0.00690583
0.00491836
0.00394979
0.00339070
0.00292744
0.00257241
0.00247427
0.00239689
0.00235268
0.00235507
0.00229288
0.00230004
0.00257271
0.00247373
0.00242701
0.00235583
0.00236940
0.00230472
0.00263630
0.00233177
0.00233830
0.00234842
0.00229031
0.00238236
0.00224549
0.00224023
0.00230540
0.00229393
0.00230014
0.00218577
0.00220927
0.00223156
0.00233203
0.00234089
0.00230561
0.00223527
0.00229260
0.00238844
0.00228028
0.00233005
0.00228512
0.00229407
0.00229653
0.00247118
0.00246334
0.00240081
0.00234331
0.00238696
0.00242117
0.00230025
0.00230542
