1
111.00,-88.00,33.00,129.00
111.00,-88.00,33.00,129.00
111.00,-88.00,33.00,129.00
111.00,-88.00,33.00,129.00
111.00,-88.00,33.00,129.00
111.00,-88.00,33.00,129.00
111.00,-88.00,33.00,129.00
111.00,-88.00,33.00,129.00
111.00,-88.00,33.00,129.00
111.00,-88.00,33.00,129.00
111.00,-88.00,33.00,129.00
111.00,-88.00,33.00,129.00
111.00,-88.00,33.00,129.00
111.00,-88.00,33.00,129.00
111.00,-88.00,33.00,129.00
111.00,-88.00,33.00,129.00
111.00,-88.00,33.00,129.00
111.00,-88.00,33.00,129.00
111.00,-88.00,33.00,129.00
111.00,-88.00,33.00,129.00
111.00,-88.00,33.00,129.00
111.00,-88.00,33.00,129.00
111.00,-88.00,33.00,129.00
111.00,-88.00,33.00,129.00
111.00,-88.00,33.00,129.00
111.00,-88.00,33.00,129.00
111.00,-88.00,33.00,129.00
111.00,-88.00,33.00,129.00
111.00,-88.00,33.00,129.00
111.00,-88.00,33.00,129.00
111.00,-88.00,33.00,129.00
111.00,-88.00,33.00,129.00
111.00,-88.00,33.00,129.00
111.00,-88.00,33.00,129.00
111.00,-88.00,33.00,129.00
111.00,-88.00,33.00,129.00
111.00,-88.00,33.00,129.00
111.00,-88.00,33.00,129.00
111.00,-88.00,33.00,129.00
111.00,-88.00,33.00,129.00
111.00,-88.00,33.00,129.00
111.00,-88.00,33.00,129.00
111.00,-88.00,33.00,129.00
111.00,-88.00,33.00,129.00
111.00,-88.00,33.00,129.00
111.00,-88.00,33.00,129.00
111.00,-88.00,33.00,129.00
111.00,-88.00,33.00,129.00
111.00,-88.00,33.00,129.00
111.00,-88.00,33.00,129.00
111.00,-88.00,33.00,129.00
111.00,-88.00,33.00,129.00
111.00,-88.00,33.00,129.00
111.00,-88.00,33.00,129.00
111.00,-88.00,33.00,129.00
111.00,-88.00,33.00,129.00
111.00,-88.00,33.00,129.00
111.00,-88.00,33.00,129.00
111.00,-88.00,33.00,129.00
111.00,-88.00,33.00,129.00
111.00,-88.00,33.00,129.00
111.00,-88.00,33.00,129.00
111.00,-88.00,33.00,129.00
111.00,-88.00,33.00,129.00
111.00,-88.00,33.00,129.00
111.00,-88.00,33.00,129.00
111.00,-88.00,33.00,129.00
111.00,-88.00,33.00,129.00
111.00,-88.00,33.00,129.00
111.00,-88.00,33.00,129.00
111.00,-88.00,33.00,129.00
111.00,-88.00,33.00,129.00
111.00,-88.00,33.00,129.00
111.00,-88.00,33.00,129.00
111.00,-88.00,33.00,129.00
111.00,-88.00,33.00,129.00
111.00,-88.00,33.00,129.00
111.00,-88.00,33.00,129.00
111.00,-88.00,33.00,129.00
111.00,-88.00,33.00,129.00
111.00,-88.00,33.00,129.00
111.00,-88.00,33.00,129.00
111.00,-88.00,33.00,129.00
111.00,-88.00,33.00,129.00
111.00,-88.00,33.00,129.00
111.00,-88.00,33.00,129.00
111.00,-88.00,33.00,129.00
111.00,-88.00,33.00,129.00
111.00,-88.00,33.00,129.00
111.00,-88.00,33.00,129.00
2
0
0
0
0
1
152.00,160.00,54.00,99.00
152.00,160.00,54.00,99.00
152.00,160.00,54.00,99.00
152.00,160.00,54.00,99.00
152.00,160.00,54.00,99.00
152.00,160.00,54.00,99.00
152.00,160.00,54.00,99.00
152.00,160.00,54.00,99.00
152.00,160.00,54.00,99.00
152.00,160.00,54.00,99.00
152.00,160.00,54.00,99.00
152.00,160.00,54.00,99.00
152.00,160.00,54.00,99.00
152.00,160.00,54.00,99.00
152.00,160.00,54.00,99.00
152.00,160.00,54.00,99.00
152.00,160.00,54.00,99.00
152.00,160.00,54.00,99.00
2
0
0
0
0
1
92.00,30.00,50.00,123.00
92.00,30.00,50.00,123.00
92.00,30.00,50.00,123.00
92.00,30.00,50.00,123.00
92.00,30.00,50.00,123.00
92.00,30.00,50.00,123.00
92.00,30.00,50.00,123.00
92.00,30.00,50.00,123.00
92.00,30.00,50.00,123.00
92.00,30.00,50.00,123.00
92.00,30.00,50.00,123.00
92.00,30.00,50.00,123.00
92.00,30.00,50.00,123.00
92.00,30.00,50.00,123.00
92.00,30.00,50.00,123.00
92.00,30.00,50.00,123.00
92.00,30.00,50.00,123.00
92.00,30.00,50.00,123.00
92.00,30.00,50.00,123.00
92.00,30.00,50.00,123.00
92.00,30.00,50.00,123.00
92.00,30.00,50.00,123.00
92.00,30.00,50.00,123.00
92.00,30.00,50.00,123.00
92.00,30.00,50.00,123.00
2
0
0
0
0
1
153.00,42.00,91.00,58.00
153.00,42.00,91.00,58.00
153.00,42.00,91.00,58.00
153.00,42.00,91.00,58.00
153.00,42.00,91.00,58.00
153.00,42.00,91.00,58.00
153.00,42.00,91.00,58.00
153.00,42.00,91.00,58.00
153.00,42.00,91.00,58.00
153.00,42.00,91.00,58.00
153.00,42.00,91.00,58.00
153.00,42.00,91.00,58.00
153.00,42.00,91.00,58.00
153.00,42.00,91.00,58.00
153.00,42.00,91.00,58.00
153.00,42.00,91.00,58.00
153.00,42.00,91.00,58.00
153.00,42.00,91.00,58.00
153.00,42.00,91.00,58.00
153.00,42.00,91.00,58.00
153.00,42.00,91.00,58.00
153.00,42.00,91.00,58.00
153.00,42.00,91.00,58.00
153.00,42.00,91.00,58.00
153.00,42.00,91.00,58.00
153.00,42.00,91.00,58.00
153.00,42.00,91.00,58.00
153.00,42.00,91.00,58.00
153.00,42.00,91.00,58.00
153.00,42.00,91.00,58.00
153.00,42.00,91.00,58.00
153.00,42.00,91.00,58.00
153.00,42.00,91.00,58.00
153.00,42.00,91.00,58.00
153.00,42.00,91.00,58.00
153.00,42.00,91.00,58.00
153.00,42.00,91.00,58.00
153.00,42.00,91.00,58.00
153.00,42.00,91.00,58.00
153.00,42.00,91.00,58.00
153.00,42.00,91.00,58.00
153.00,42.00,91.00,58.00
153.00,42.00,91.00,58.00
153.00,42.00,91.00,58.00
153.00,42.00,91.00,58.00
153.00,42.00,91.00,58.00
153.00,42.00,91.00,58.00
153.00,42.00,91.00,58.00
153.00,42.00,91.00,58.00
153.00,42.00,91.00,58.00
153.00,42.00,91.00,58.00
153.00,42.00,91.00,58.00
153.00,42.00,91.00,58.00
153.00,42.00,91.00,58.00
153.00,42.00,91.00,58.00
