0.00033176
0.00029160
0.00033671
0.00055405
0.00029044
0.00028927
0.00091675
0.00028977
0.00055023
0.00078197
0.00073240
0.00098301
0.00081725
0.00085938
0.00080328
0.00107014
0.00111649
0.00078535
0.00141882
0.00176515
0.00131237
0.00110797
0.00131453
0.00161255
0.00132659
0.00136381
0.00140589
0.00111664
0.00127489
0.00115264
0.00082817
0.00052964
0.00053375
0.00053709
0.00053552
0.00103343
0.00127436
0.00127194
0.00130174
0.00130895
0.00150769
0.00130475
0.00132322
0.00103363
0.00131374
0.00127576
0.00131375
0.00106748
0.00102700
0.00129945
0.00082027
0.00081234
0.00080959
0.00054898
0.00080813
0.00080374
0.00081422
0.00105379
0.00080042
0.00105809
0.00079900
0.00085279
0.00080140
0.00131356
0.00130501
0.00106891
0.00132221
0.00108128
0.00102879
0.00109159
0.00105570
0.00130159
0.00130650
0.00105379
0.00130827
0.00135773
0.00103067
0.00078089
0.00103531
0.00053581
0.00029418
0.00109349
0.00104653
0.00160939
0.00155280
0.00127298
0.00151633
0.00176149
0.00152014
0.00164115
0.00181884
0.00161063
0.00152352
0.00177580
0.00155820
0.00155730
0.00130823
0.00105971
0.00105661
0.00106011
0.00105431
0.00108389
0.00102291
0.00103144
0.00103042
0.00080526
0.00107849
0.00108853
0.00081163
0.00080412
0.00079845
0.00131615
0.00105715
0.00117025
0.00106065
0.00106036
0.00131001
0.00110991
0.00107748
0.00103626
0.00127449
0.00110929
0.00110662
0.00106049
0.00109289
0.00110673
0.00105646
0.00134738
0.00080267
0.00105518
0.00083494
0.00053430
0.00082043
0.00108807
0.00054648
0.00105490
0.00105401
0.00131267
0.00155594
0.00131134
0.00130723
0.00160121
0.00164187
0.00161914
0.00165750
0.00156298
0.00155956
0.00130841
0.00160102
0.00139682
0.00106942
0.00076498
0.00079252
0.00078634
0.00028900
0.00055108
0.00080908
0.00084757
0.00078355
0.00080786
0.00081707
0.00081757
0.00054942
0.00080644
0.00081796
0.00085706
0.00080072
0.00106164
0.00105700
0.00105751
0.00130604
0.00105224
0.00130919
0.00105923
0.00105939
0.00080341
0.00081147
0.00105538
0.00054610
0.00080567
0.00105935
0.00106055
0.00130506
0.00108454
0.00103109
0.00132050
0.00054836
0.00109375
0.00081004
0.00055278
0.00080920
0.00105751
0.00080170
0.00080643
0.00105894
0.00081093
0.00080140
0.00054829
0.00080468
0.00079984
0.00084323
0.00105707
0.00110203
0.00131472
0.00131570
0.00165733
0.00128145
0.00151342
0.00176012
0.00201413
0.00134339
0.00208054
0.00181689
0.00210991
0.00155882
0.00216570
0.00179411
0.00129912
0.00132520
0.00089688
0.00082038
0.00111151
0.00083975
0.00083798
0.00108841
0.00137619
0.00205987
0.00130947
0.00080407
0.00161084
0.00163276
0.00081867
0.00311171
0.00055197
0.00055018
0.00135481
0.00212189
0.00078221
0.00108234
0.00180526
0.00160327
0.00175924
0.00126569
0.00218406
0.00134210
0.00195050
0.00156884
0.00161020
0.00165099
0.00135468
0.00157018
0.00159573
0.00103114
0.00155641
0.00028149
0.00225556
0.00053442
0.00028180
0.00109808
0.00106278
0.00127811
0.00155858
0.00132502
0.00130820
0.00161240
0.00131374
0.00182014
0.00156678
0.00181342
0.00156252
0.00156514
0.00180632
0.00181456
0.00155972
0.00127314
0.00161013
0.00155921
0.00131830
0.00080338
0.00106155
0.00108164
0.00105607
0.00080707
0.00082905
0.00110789
0.00080441
0.00084781
0.00105837
0.00080239
0.00080453
0.00080494
0.00081291
0.00082135
0.00056581
0.00054976
0.00082852
0.00054822
0.00081006
0.00055143
0.00083283
0.00059221
0.00055338
0.00059925
0.00080801
0.00080384
0.00081006
0.00080858
0.00084245
0.00080942
0.00080573
0.00080828
0.00156347
0.00206273
0.00182201
0.00232162
0.00230885
0.00181102
0.00219009
0.00202281
0.00186101
0.00181281
0.00130519
0.00107546
0.00078192
0.00083297
0.00028774
0.00082703
0.00080790
0.00082945
0.00081263
0.00105466
0.00105470
0.00105583
0.00105696
0.00134385
0.00131844
0.00131198
0.00105375
0.00106099
0.00105623
0.00106410
0.00080562
0.00106395
0.00080808
0.00080710
0.00029076
0.00029007
0.00187115
0.00181740
0.00187181
0.00182873
0.00161950
0.00160876
0.00182287
0.00103108
0.00103453
0.00056680
0.00109501
0.00081595
0.00080528
0.00082922
0.00105761
0.00055084
0.00131000
0.00108367
0.00131412
0.00155727
0.00165348
0.00157172
0.00160900
0.00181239
0.00180794
0.00184692
0.00181811
0.00130618
0.00131308
0.00130565
0.00080478
0.00105632
0.00105945
0.00105495
0.00080831
0.00080370
0.00080431
0.00080589
0.00080608
0.00081380
0.00054783
0.00028867
0.00031113
0.00029796
0.00105910
0.00000000
0.00000000
0.00000000
0.00000000
0.00037672
0.00027748
0.00043599
0.00062949
0.00065391
0.00043270
0.00043225
0.00043182
