0.00035449
0.00064305
0.00031429
0.00030453
0.00031179
0.00035528
0.00031053
0.00031213
0.00040801
0.00042437
0.00048301
0.00034376
0.00032166
0.00031560
0.00031110
0.00059789
0.00030848
0.00063404
0.00030969
0.00041885
0.00048374
0.00037343
0.00032731
0.00032137
0.00031858
0.00031898
0.00034853
0.00036571
0.00031969
0.00032038
0.00032152
0.00031018
0.00035184
0.00031039
0.00031292
0.00030983
0.00031063
0.00031120
0.00031078
0.00031159
0.00030972
0.00030999
0.00032587
0.00031309
0.00030923
0.00034041
0.00031181
0.00031001
0.00030966
0.00032082
0.00032528
0.00034829
0.00032074
0.00031081
0.00032942
0.00035155
0.00031025
0.00031064
0.00031061
0.00031111
0.00030962
0.00030977
0.00031281
0.00031010
0.00031751
0.00031425
0.00031207
0.00030909
0.00030840
0.00031089
0.00030964
0.00030907
0.00030972
0.00031890
0.00031074
0.00031680
0.00088734
0.00030964
0.00142449
0.00141034
0.00114448
0.00141481
0.00087550
0.00086498
0.00086685
0.00086865
0.00031089
0.00030972
0.00059387
0.00031270
0.00087720
0.00059353
0.00035130
0.00031609
0.00032121
0.00143412
0.00286731
0.00036203
0.00031161
0.00035355
0.00088959
0.00031090
0.00031092
0.00031179
0.00061402
0.00115052
0.00059322
0.00031109
0.00223513
0.00115071
0.00069940
0.00084111
0.00031853
0.00059670
0.00121663
0.00031191
0.00030916
0.00059638
0.00032837
0.00033969
0.00091536
0.00086945
0.00060064
0.00031122
0.00280107
0.00059258
0.00059453
0.00223765
0.00088269
0.00087017
0.00059508
0.00059148
0.00087197
0.00059429
0.00090574
0.00031198
0.00088096
0.00059269
0.00307504
0.00030515
0.00031312
0.00031483
0.00062389
0.00197691
0.00168916
0.00031037
0.00114595
0.00142542
0.00087043
0.00091973
0.00169317
0.00201661
0.00064243
0.00115614
0.00087202
0.00253138
0.00231477
0.00059301
0.00087890
0.00114604
0.00206933
0.00120518
0.00198022
0.00059757
0.00031773
0.00115348
0.00143863
0.00059474
0.00031270
0.00062627
0.00031241
0.00059718
0.00036291
0.00059400
0.00094739
0.00031124
0.00031278
0.00087325
0.00042637
0.00032302
0.00089828
0.00087441
0.00031267
0.00146821
0.00040974
0.00046128
0.00047696
0.00033051
0.00032000
0.00031399
0.00032212
0.00064718
0.00032247
0.00061505
0.00061417
0.00032099
0.00032136
0.00031413
0.00064039
0.00031171
0.00032862
0.00031524
0.00031450
0.00031199
0.00060059
0.00060920
0.00032867
