0.00002558
0.02259553
0.02310823
0.02284328
0.01758509
0.01761909
0.01751823
0.02543966
0.02568383
0.02552914
0.02569255
0.02574342
0.02586146
0.02576166
0.02585915
0.02618030
0.02620015
0.02593813
0.02613441
0.02628732
0.02613918
0.02608671
0.02551261
0.02540946
0.02589053
0.02575084
0.02648216
0.02639023
0.02645313
0.02642219
0.02649327
0.02645194
0.02667081
0.02694974
0.02667115
0.02668298
0.02718537
0.02677623
0.02683358
0.02694230
0.02691227
0.02670459
0.02601955
0.02609803
0.02522814
0.02638223
0.02632901
0.02621105
0.02574556
0.02641274
0.02654287
0.02622309
0.02629103
0.02592621
0.02662077
0.02628381
0.02685627
0.02735561
0.02781345
0.02772348
0.02744210
0.02736557
0.02745329
0.02741139
0.02747282
0.02743002
0.02759727
0.02765697
0.02703003
0.02735437
0.02730166
0.02740534
0.02657303
0.02703751
0.02674270
0.02670627
0.02721260
0.02627014
0.02655905
0.02729280
0.02647046
0.02668138
0.02669282
0.02690610
0.02745666
0.02758250
0.02786867
0.02736503
0.02735861
0.02759016
0.02755971
0.02803554
0.02770755
0.02759260
0.02762899
0.02757207
0.02718340
0.02681404
0.02670835
0.02680814
0.02708691
0.02674466
0.02666601
0.02676725
0.02672257
0.02712489
0.02768458
0.02753417
0.02758827
0.02752822
0.02759283
0.02751330
0.02768506
0.02757535
0.02721951
0.02680167
0.02727598
0.02690509
0.02671796
0.02697954
0.02671490
0.02663348
0.02668374
0.02668071
0.02729718
0.02777531
0.02769399
0.02757054
0.02757360
0.02755594
0.02760240
0.02756834
0.02768379
0.02796623
0.02757277
0.02710312
0.02668793
0.02675094
0.02672312
0.02678318
0.02667459
0.02666702
0.02667975
0.02671281
0.02665916
0.02676602
0.02673822
0.02669348
0.02670467
0.02671689
0.02683847
0.02670528
0.02701366
0.02672011
0.02668248
0.02725145
0.02764043
0.00000000
0.00000000
0.00000000
0.00000000
0.00002016
0.01483710
0.01437790
0.01381494
0.01382475
0.01377257
0.01380107
0.01371423
0.01377324
0.01371915
0.01379238
0.01371905
0.01376819
0.01370570
0.01378650
0.01370823
0.01379155
0.01377674
0.01385557
0.01372826
0.01376730
0.01371206
0.01340997
0.01326942
0.01351622
0.01365004
0.01384654
0.01371479
0.01382749
0.01376124
0.01381700
0.01371657
0.01378192
0.01371750
0.01376881
0.01372381
0.01377031
0.01371288
0.01377141
0.01372281
0.01378778
0.01373162
0.01377658
0.01326455
0.01332246
0.01325983
0.01331796
0.01334685
0.01339815
0.01329214
0.01353500
0.01328785
0.01350019
0.01330833
0.01331172
0.01327431
0.01331788
0.01325952
0.01331277
0.01327361
0.00000000
0.00000000
0.00000000
0.00000000
0.00001321
0.00576746
0.00574002
0.00574707
0.00597693
0.00584389
0.00577591
0.00574470
0.00575154
0.00574568
0.00574550
0.00574784
0.00573549
0.00573605
0.00580987
0.00593918
0.00593990
0.00593804
0.00593665
0.00593095
0.00593650
0.00593323
0.00594268
0.00593728
0.00593481
0.00593351
0.00593899
0.00593336
0.00593332
0.00592989
0.00594242
0.00595027
0.00594170
0.00594934
0.00601966
0.00594144
0.00594155
0.00593718
0.00594793
0.00593786
0.00593156
0.00592842
0.00593637
0.00592173
0.00576395
0.00574048
0.00574357
0.00573541
0.00573676
0.00573252
0.00574362
0.00573001
0.00573907
0.00574382
0.00574107
0.00574980
0.00573216
0.00574013
0.00000000
0.00000000
0.00000000
0.00000000
0.00001253
0.00335565
0.00335598
0.00335400
0.00335318
0.00335952
0.00337100
0.00335547
0.00335553
0.00335108
0.00335394
0.00335584
0.00335213
0.00335348
0.00335405
0.00335241
0.00336713
0.00335386
0.00335111
0.00334965
0.00335756
0.00334749
0.00335798
0.00335362
0.00335419
0.00335481
0.00335691
0.00336960
0.00335369
0.00335170
0.00335045
0.00335230
0.00334840
0.00335175
0.00335195
0.00335552
0.00335980
0.00335297
0.00335911
0.00335532
0.00335503
0.00335276
0.00335404
0.00335176
0.00335938
0.00335752
0.00338300
0.00337209
0.00336370
0.00335341
0.00335725
0.00335311
0.00335235
0.00335117
0.00335647
0.00335247
0.00335341
0.00335663
0.00336123
0.00336071
0.00335518
0.00337116
0.00335343
0.00335190
