0.00001196
0.00121277
0.00115846
0.00109691
0.00128395
0.00119972
0.00118675
0.00119115
0.00000000
0.00000000
0.00000000
0.00000000
0.00005540
0.00125246
0.00116229
0.00115909
0.00000000
0.00000000
0.00000000
0.00000000
0.00001029
0.00110484
0.00109586
0.00000000
0.00000000
0.00000000
0.00000000
0.00005760
0.00125576
0.00116679
0.00115370
0.00116364
0.00119594
0.00119524
0.00115243
0.00113584
0.00113916
0.00109750
0.00109447
0.00113116
0.00112220
0.00112276
0.00000000
0.00000000
0.00000000
0.00000000
0.00001073
0.00117378
0.00109410
0.00112716
0.00000000
0.00000000
0.00000000
0.00000000
0.00000895
0.00116965
0.00136426
0.00111535
0.00112644
0.00112407
0.00000000
0.00000000
0.00000000
0.00000000
0.00000929
0.00109629
0.00112338
0.00112604
0.00112052
0.00112100
0.00112210
0.00000000
0.00000000
0.00000000
0.00000000
0.00008069
0.00119536
0.00112474
0.00113635
0.00112593
0.00112095
0.00112405
0.00112614
0.00000000
0.00000000
0.00000000
0.00000000
0.00000860
0.00109643
0.00114353
0.00112732
0.00115733
0.00112307
0.00113021
0.00122108
0.00000000
0.00000000
0.00000000
0.00000000
0.00001589
0.00116946
0.00115729
0.00115440
0.00000000
0.00000000
0.00000000
0.00000000
0.00000997
0.00116290
0.00115144
0.00120614
0.00121075
0.00119797
0.00121646
0.00131764
0.00119935
0.00000000
0.00000000
0.00000000
0.00000000
0.00007818
0.00127497
0.00115449
0.00000000
0.00000000
0.00000000
0.00000000
0.00001027
0.00115243
0.00115050
0.00115608
0.00115117
0.00109495
0.00115443
0.00109382
0.00109331
0.00111551
0.00112212
0.00112256
0.00115634
0.00112329
0.00113558
0.00111383
0.00112205
0.00112386
0.00112695
0.00117287
0.00109492
0.00112618
0.00112213
0.00112263
0.00113890
0.00112207
0.00112177
0.00112752
0.00120796
0.00000000
0.00000000
0.00000000
0.00000000
0.00007062
0.00123702
0.00112744
0.00115332
0.00120032
0.00117200
0.00000000
0.00000000
0.00000000
0.00000000
0.00001153
0.00119231
0.00117305
0.00112811
0.00109517
0.00116430
0.00112265
0.00112310
0.00112945
0.00112324
0.00109516
0.00115557
0.00112234
0.00112398
0.00112310
0.00112408
0.00112265
0.00115720
0.00116130
0.00000000
0.00000000
0.00000000
0.00000000
0.00006961
0.00119966
0.00112710
0.00112762
0.00109583
0.00112127
0.00112269
0.00112531
0.00112371
0.00112215
0.00112333
0.00112461
0.00112291
0.00112322
0.00112415
0.00112228
0.00112636
0.00136041
0.00115948
0.00111895
0.00112378
0.00112393
0.00112541
0.00112591
0.00112399
0.00112287
0.00112491
0.00000000
0.00000000
0.00000000
0.00000000
0.00000993
0.00112845
0.00000000
0.00000000
0.00000000
0.00000000
0.00000879
0.00112439
0.00112382
0.00112767
0.00000000
0.00000000
0.00000000
0.00000000
0.00000915
0.00112267
0.00112773
0.00112299
0.00116237
0.00115506
0.00112755
0.00112223
0.00112149
0.00112244
0.00112219
0.00116357
0.00113986
0.00112559
0.00112241
0.00112226
0.00116265
0.00116298
0.00116794
0.00121360
0.00115504
0.00120245
0.00118782
0.00119410
0.00115265
0.00119614
0.00112328
0.00111657
0.00109474
0.00109367
0.00109800
0.00112204
0.00112185
0.00112645
0.00115689
0.00121409
0.00115318
0.00119551
0.00112424
0.00121180
0.00112121
0.00112533
0.00109522
0.00111836
0.00112229
0.00112253
0.00112652
0.00112166
0.00112114
0.00115531
0.00109418
0.00112546
0.00112100
0.00112523
0.00112158
0.00112087
0.00109565
0.00112268
0.00116474
0.00112212
0.00118522
0.00112213
0.00112126
0.00116168
0.00112112
0.00112163
0.00116134
0.00112087
0.00112501
0.00112122
0.00112091
0.00112732
0.00112232
0.00112710
0.00112213
0.00116266
0.00109320
0.00116530
0.00112093
0.00119657
0.00124796
0.00119678
0.00120689
0.00115178
0.00119382
0.00115152
0.00115067
0.00114668
0.00111408
0.00109322
0.00112303
0.00114025
0.00111280
0.00112474
0.00112133
0.00127314
0.00113350
0.00117766
0.00112124
0.00112120
0.00000000
0.00000000
0.00000000
0.00000000
0.00001160
0.00117631
0.00112201
0.00112211
0.00112139
0.00109462
0.00116086
0.00116633
