0.00014990
0.00801978
0.00733054
0.00732700
0.00787491
0.00734851
0.00771953
0.00740371
0.00741717
0.00730807
0.00738259
0.00733967
0.00730553
0.00737522
0.00733072
0.00732499
0.00738401
0.00776261
0.00734730
0.00777024
0.00732840
0.00731252
0.00738379
0.00734861
0.00731257
0.00737439
0.00732656
0.00729850
0.00737195
0.00731786
0.00731347
0.00739104
0.00732814
0.00730826
0.00737713
0.00732175
0.00730513
0.00738350
0.00732944
0.00732260
0.00737333
0.00732903
0.00731344
0.00737218
0.00732803
0.00731071
0.00737393
0.00734352
0.00731432
0.00737333
0.00732893
0.00730477
0.00741828
0.00734196
0.00732085
0.00742596
0.00748265
0.00751919
0.00737106
0.00733299
0.00731144
0.00737829
0.00732679
0.00730907
0.00738456
0.00751121
0.00731405
0.00737600
0.00732671
0.00730866
0.00737509
0.00733266
0.00730357
0.00737313
0.00734943
0.00730749
0.00737902
0.00733458
0.00730316
0.00000000
0.00000000
0.00000000
0.00000000
0.00001305
0.00439454
0.00438748
0.00436524
0.00437045
0.00441167
0.00442268
0.00437161
0.00000000
0.00000000
0.00000000
0.00000000
0.00001236
0.00411534
0.00367244
0.00367179
0.00366825
0.00375249
0.00368728
0.00350460
0.00000000
0.00000000
0.00000000
0.00000000
0.00001159
0.00444145
0.00398601
0.00399743
0.00435497
0.00396581
0.00396541
0.00393906
0.00393446
0.00000000
0.00000000
0.00000000
0.00000000
0.00001208
0.00480293
0.00488611
0.00480397
0.00480129
0.00438828
0.00000000
0.00000000
0.00000000
0.00000000
0.00001074
0.00395257
0.00395325
0.00395104
0.00000000
0.00000000
0.00000000
0.00000000
0.00000968
0.00376415
0.00378644
0.00378493
0.00380969
0.00384354
0.00333011
0.00000000
0.00000000
0.00000000
0.00000000
0.00000961
0.00329340
0.00327803
0.00326898
0.00325794
0.00325638
0.00325985
0.00326795
0.00328795
0.00000000
0.00000000
0.00000000
0.00000000
0.00000996
0.00231910
0.00233423
0.00234206
0.00233172
0.00233527
0.00233661
0.00233638
0.00234136
0.00000000
0.00000000
0.00000000
0.00000000
0.00000941
0.00120616
0.00119611
0.00119271
0.00119531
0.00121379
0.00124266
0.00123376
0.00123818
0.00123401
0.00125566
0.00124388
0.00124028
0.00124220
0.00122280
0.00122227
0.00000000
0.00000000
0.00000000
0.00000000
0.00001126
0.00197886
0.00199477
0.00198984
0.00197463
0.00197485
0.00198470
0.00197864
0.00198328
0.00197519
0.00197584
0.00198105
