0.01762363
0.00277845
0.00274627
0.00277652
0.00277036
0.00273596
0.00271855
0.00271334
0.00271179
0.00273347
0.00271640
0.00271237
0.00271571
0.00271028
0.00271264
0.00270334
0.00270092
0.00269849
0.00270379
0.00270880
0.00270691
0.00270515
0.00269809
0.00270398
0.00269922
0.00270982
0.00270103
0.00272308
0.00270174
0.00270516
0.00271425
0.00271149
0.00280974
0.00275895
0.00271482
0.00271254
0.00272029
0.00271349
0.00271209
0.00271731
0.00271214
0.00271279
0.00271449
0.00270910
0.00272704
0.00271039
0.00271119
0.00271660
0.00271545
0.00271252
0.00271225
0.00271331
0.00275924
0.00272382
0.00271300
0.00271498
0.00270826
0.00271316
0.00270383
0.00271316
0.00271535
0.00271587
0.00271544
0.00270805
0.00270737
0.00271554
0.00270222
0.00271067
0.00270295
0.00270660
0.00270620
0.00270535
0.00271213
0.00272322
0.00270857
0.00269981
0.00270732
0.00270852
0.00270330
0.00272271
0.00271627
0.00271696
0.00271117
0.00271593
0.00270794
0.00270747
0.00270943
0.00271123
0.00271712
0.00271606
0.00272694
0.00273558
0.00000000
0.00000000
0.00000000
0.00000000
0.01318568
0.00208870
0.00209160
0.00211478
0.00210555
0.00209436
0.00208041
0.00208419
0.00209375
0.00209452
0.00209210
0.00216542
0.00211476
0.00209048
0.00210533
0.00209689
0.00211389
0.00212185
0.00211817
0.00212378
0.00000000
0.00000000
0.00000000
0.00000000
0.01996592
0.00316397
0.00316021
0.00315566
0.00315504
0.00316649
0.00316176
0.00318674
0.00315961
0.00316574
0.00315584
0.00316355
0.00315534
0.00315856
0.00315684
0.00315867
0.00315371
0.00315595
0.00315189
0.00315541
0.00315555
0.00316418
0.00315918
0.00316647
0.00315099
0.00315963
0.00315594
0.00000000
0.00000000
0.00000000
0.00000000
0.01910520
0.00302064
0.00301404
0.00300466
0.00300727
0.00308698
0.00302142
0.00300231
0.00300760
0.00301760
0.00300093
0.00301083
0.00300493
0.00300115
0.00299869
0.00299681
0.00300282
0.00303706
0.00300149
0.00300436
0.00299787
0.00299615
0.00300839
0.00300361
0.00300275
0.00300835
0.00300851
0.00301015
0.00301465
0.00306188
0.00308237
0.00301711
0.00301072
0.00308650
0.00307616
0.00316988
0.00317829
0.00318976
0.00312427
0.00315541
0.00312363
0.00312530
0.00310645
0.00312186
0.00311523
0.00311710
0.00311898
0.00310417
0.00310131
0.00311206
0.00312621
0.00311452
0.00317184
0.00315730
0.00312466
0.00312164
