0.00000963
0.00320316
0.00316486
0.00325754
0.00354200
0.00334371
0.00323570
0.00359755
0.00342612
0.00326230
0.00326308
0.00323519
0.00326899
0.00327014
0.00328738
0.00327187
0.00329978
0.00326635
0.00326422
0.00323382
0.00308895
0.00306932
0.00306873
0.00306869
0.00306760
0.00306950
0.00306582
0.00307097
0.00306798
0.00317546
0.00310075
0.00306799
0.00306925
0.00307014
0.00310106
0.00307018
0.00311141
0.00307272
0.00306730
0.00306953
0.00306169
0.00306516
0.00306377
0.00306689
0.00306191
0.00306568
0.00306340
0.00306623
0.00306335
0.00306079
0.00306464
0.00310777
0.00306708
0.00307170
0.00307555
0.00316185
0.00306799
0.00307122
0.00306593
0.00306983
0.00307009
0.00306862
0.00306755
0.00306988
0.00310692
0.00307143
0.00306658
0.00307067
0.00306954
0.00314135
0.00306621
0.00317510
0.00311162
0.00307339
0.00307017
0.00310941
0.00306668
0.00310748
0.00306822
0.00306765
0.00316541
0.00307127
0.00306857
0.00307162
0.00307139
0.00307062
0.00310518
0.00311634
0.00307004
0.00307282
0.00307097
0.00306993
0.00326384
0.00359689
0.00325845
0.00326891
0.00323112
0.00317975
0.00314946
0.00315092
0.00312511
0.00307046
0.00306811
0.00311113
0.00307168
0.00317899
0.00306852
0.00306893
0.00306883
0.00308639
0.00318077
0.00318172
0.00315390
0.00316315
0.00316053
0.00307095
0.00306885
0.00306901
0.00306621
0.00306936
0.00308347
0.00310000
0.00306706
0.00307347
0.00306836
0.00306777
0.00306896
0.00307086
0.00306956
0.00307023
0.00308370
0.00307202
0.00306606
0.00306554
0.00306346
0.00306541
0.00306506
0.00331829
0.00307889
0.00306510
0.00321303
0.00315746
0.00317291
0.00314974
0.00306845
0.00306762
0.00306453
0.00307062
0.00306738
0.00306357
0.00306082
0.00306751
0.00308450
0.00308146
0.00306255
0.00307729
0.00314119
0.00308095
0.00306608
0.00319967
0.00311181
0.00310550
0.00311291
0.00316058
0.00311686
0.00310983
0.00306873
0.00310985
0.00311427
0.00307123
0.00306718
0.00310827
0.00306970
0.00312242
0.00306671
0.00306937
0.00306672
0.00307188
0.00306769
0.00306872
0.00306881
0.00320278
0.00306739
0.00307123
0.00306640
0.00306699
0.00311975
0.00331758
0.00311477
0.00310893
0.00315078
0.00307475
0.00306645
0.00311724
0.00306720
0.00310594
0.00306985
0.00322050
0.00314218
0.00310395
0.00310444
0.00310830
0.00310738
0.00315935
0.00306979
0.00307233
0.00329166
0.00311094
0.00306134
0.00309929
0.00307853
0.00317106
0.00328758
0.00324506
0.00322601
0.00321647
0.00313863
0.00314679
0.00314099
0.00308166
0.00306858
0.00307208
0.00306741
0.00307205
0.00312149
0.00306925
0.00306559
0.00307127
0.00306775
0.00307164
0.00310321
0.00320738
0.00310924
0.00307020
0.00306775
0.00311437
0.00314995
0.00333261
0.00335301
0.00330675
0.00327624
0.00334421
0.00327876
0.00372072
0.00330742
0.00328894
0.00326047
0.00324551
0.00322531
0.00322570
0.00322076
0.00317644
0.00306161
0.00306692
0.00306247
0.00306869
0.00313378
0.00306592
0.00311655
0.00322732
0.00335980
0.00350933
0.00355614
0.00354640
0.00364598
0.00357617
0.00343587
0.00332716
0.00331307
0.00328090
0.00322351
0.00322932
0.00322851
0.00323017
0.00327441
0.00323141
0.00322881
0.00309323
0.00307071
0.00312668
0.00306973
0.00306786
0.00306770
0.00307109
0.00306662
0.00306993
0.00314633
0.00307305
0.00306910
0.00306767
0.00306448
0.00310739
0.00306055
0.00306722
0.00306321
0.00306551
0.00306377
0.00306642
0.00306471
0.00315196
0.00306799
0.00307075
0.00306713
0.00310874
0.00306783
0.00320846
0.00311054
0.00306971
0.00310645
0.00311434
0.00306942
0.00307071
0.00306442
0.00315977
0.00306837
0.00311464
0.00307008
0.00311290
0.00306701
0.00311577
0.00311124
0.00310952
0.00312627
0.00315021
0.00310356
0.00310893
0.00317813
0.00316418
0.00312004
0.00310638
0.00312561
0.00310878
0.00311191
0.00310983
0.00306953
0.00306855
0.00310885
0.00311774
0.00306911
0.00315812
0.00306785
0.00307110
0.00306771
0.00315318
0.00306864
0.00315829
0.00306940
0.00315280
0.00315294
0.00315336
0.00310815
0.00306592
0.00310795
0.00306242
0.00310992
0.00311535
0.00314096
0.00311310
0.00310796
0.00306730
0.00306512
0.00315835
0.00310675
0.00311003
0.00306526
0.00306648
0.00310810
0.00315182
0.00315021
0.00310764
0.00310590
0.00315303
0.00314696
0.00310828
0.00310548
0.00310935
0.00310397
0.00310899
0.00318527
0.00311025
0.00310700
0.00315335
0.00306457
0.00315085
0.00306175
0.00311046
0.00306267
0.00327677
0.00306575
0.00311095
0.00321756
0.00328590
0.00329526
0.00361552
0.00329634
0.00337721
0.00327240
0.00331193
0.00322758
0.00318565
0.00315188
0.00318799
0.00319307
0.00319320
0.00319950
0.00330181
0.00310806
0.00312048
0.00306615
0.00306942
0.00308061
0.00318701
0.00327601
0.00320015
0.00312011
