0.00030586
0.00051117
0.00051736
0.00051005
0.00027008
0.00027940
0.00029974
0.00082758
0.00028660
0.00051111
0.00074221
0.00075712
0.00075960
0.00098335
0.00054952
0.00080660
0.00026723
0.00027513
0.00026979
0.00050793
0.00026759
0.00051555
0.00051966
0.00213271
0.00118923
0.00000000
0.00000000
0.00000000
0.00000000
0.00035010
0.00072237
0.00054741
0.00049009
0.00050552
0.00051104
0.00025974
0.00026979
0.00026946
0.00026957
0.00026863
0.00121303
0.00072003
0.00052682
0.00096895
0.00053639
0.00116467
0.00053195
0.00072184
0.00050943
0.00050413
0.00026502
0.00050621
0.00050935
0.00076345
0.00050557
0.00053688
0.00071706
0.00026275
0.00026112
0.00026064
0.00218314
0.00000000
0.00000000
0.00000000
0.00000000
0.00029000
0.00031470
0.00075770
0.00080261
0.00073902
0.00104435
0.00072135
0.00097419
0.00050921
0.00097011
0.00051227
0.00146538
0.00026760
0.00074915
0.00051250
0.00050926
0.00053363
0.00086637
0.00175194
0.00027651
0.00052590
0.00052542
0.00052417
0.00100641
0.00051953
0.00076932
0.00076246
0.00076423
0.00027684
0.00052552
0.00076146
0.00076597
0.00101411
0.00079159
0.00075177
0.00079283
0.00077009
0.00076727
0.00077847
0.00102052
0.00075388
0.00192591
0.00050858
0.00029932
0.00027962
0.00055222
0.00027977
0.00027918
0.00054073
0.00027841
0.00027627
0.00027772
0.00027620
0.00028049
0.00027541
0.00027780
0.00027713
0.00027715
0.00053214
0.00077060
0.00026904
0.00074895
0.00052092
0.00054804
0.00052974
0.00054442
0.00074112
0.00052994
0.00129014
0.00052293
0.00197442
0.00104347
0.00103962
0.00104334
0.00050878
0.00053150
0.00052958
0.00077158
0.00052321
0.00053092
0.00052241
0.00102447
0.00028248
0.00051302
0.00028503
0.00052626
0.00077139
0.00052252
0.00104715
0.00077655
0.00051103
0.00121382
0.00026977
0.00078603
0.00076935
0.00052414
0.00076902
0.00053135
0.00075133
0.00125684
0.00097909
0.00074311
0.00048383
0.00071832
0.00048863
0.00120157
0.00025665
0.00050226
0.00026143
0.00078983
0.00075703
0.00078247
0.00074513
0.00145974
0.00148347
0.00058265
0.00026997
0.00477851
0.00099177
0.00101504
0.00098030
0.00101275
0.00100546
0.00074784
0.00077051
0.00079031
0.00076381
0.00077301
0.00052787
0.00052096
0.00076847
0.00052437
0.00076799
0.00083192
0.00051321
0.00080512
0.00076896
0.00075601
0.00074155
0.00106436
0.00100686
0.00075077
0.00097337
0.00148475
0.00074573
0.00074069
0.00054010
0.00076652
0.00056935
0.00100731
0.00076145
0.00078968
0.00125236
0.00097691
0.00078555
0.00077115
0.00100097
0.00117166
0.00105910
0.00100840
0.00075483
0.00074963
0.00075254
0.00075051
0.00122371
0.00102710
0.00074687
0.00055443
0.00050689
0.00073412
0.00072916
0.00050553
0.00077302
0.00051927
0.00051112
0.00075112
0.00051111
0.00052153
0.00052570
0.00101361
0.00050769
0.00052600
0.00078717
0.00124317
0.00101631
0.00080783
0.00076877
0.00077408
0.00081448
0.00076997
0.00076981
0.00026976
0.00053428
0.00052922
0.00052403
0.00028136
0.00027609
0.00052842
0.00028015
