1
128.00,105.00,37.00,51.00
128.00,105.00,37.00,51.00
128.00,105.00,37.00,51.00
128.00,105.00,37.00,51.00
128.00,105.00,37.00,51.00
128.00,105.00,37.00,51.00
128.00,105.00,37.00,51.00
128.00,105.00,37.00,51.00
128.00,105.00,37.00,51.00
128.00,105.00,37.00,51.00
128.00,105.00,37.00,51.00
128.00,105.00,37.00,51.00
128.00,105.00,37.00,51.00
128.00,105.00,37.00,51.00
128.00,105.00,37.00,51.00
128.00,105.00,37.00,51.00
128.00,105.00,37.00,51.00
128.00,105.00,37.00,51.00
128.00,105.00,37.00,51.00
128.00,105.00,37.00,51.00
128.00,105.00,37.00,51.00
128.00,105.00,37.00,51.00
128.00,105.00,37.00,51.00
128.00,105.00,37.00,51.00
128.00,105.00,37.00,51.00
128.00,105.00,37.00,51.00
128.00,105.00,37.00,51.00
128.00,105.00,37.00,51.00
128.00,105.00,37.00,51.00
128.00,105.00,37.00,51.00
128.00,105.00,37.00,51.00
128.00,105.00,37.00,51.00
128.00,105.00,37.00,51.00
128.00,105.00,37.00,51.00
128.00,105.00,37.00,51.00
128.00,105.00,37.00,51.00
128.00,105.00,37.00,51.00
128.00,105.00,37.00,51.00
128.00,105.00,37.00,51.00
128.00,105.00,37.00,51.00
128.00,105.00,37.00,51.00
128.00,105.00,37.00,51.00
128.00,105.00,37.00,51.00
128.00,105.00,37.00,51.00
128.00,105.00,37.00,51.00
128.00,105.00,37.00,51.00
128.00,105.00,37.00,51.00
128.00,105.00,37.00,51.00
2
0
0
0
0
1
176.00,102.00,34.00,52.00
176.00,102.00,34.00,52.00
176.00,102.00,34.00,52.00
176.00,102.00,34.00,52.00
176.00,102.00,34.00,52.00
176.00,102.00,34.00,52.00
176.00,102.00,34.00,52.00
2
0
0
0
0
1
94.00,110.00,33.00,49.00
94.00,110.00,33.00,49.00
94.00,110.00,33.00,49.00
94.00,110.00,33.00,49.00
94.00,110.00,33.00,49.00
94.00,110.00,33.00,49.00
94.00,110.00,33.00,49.00
94.00,110.00,33.00,49.00
94.00,110.00,33.00,49.00
94.00,110.00,33.00,49.00
94.00,110.00,33.00,49.00
94.00,110.00,33.00,49.00
94.00,110.00,33.00,49.00
2
0
0
0
0
1
178.00,109.00,35.00,54.00
178.00,109.00,35.00,54.00
178.00,109.00,35.00,54.00
178.00,109.00,35.00,54.00
178.00,109.00,35.00,54.00
178.00,109.00,35.00,54.00
178.00,109.00,35.00,54.00
178.00,109.00,35.00,54.00
178.00,109.00,35.00,54.00
178.00,109.00,35.00,54.00
178.00,109.00,35.00,54.00
178.00,109.00,35.00,54.00
2
0
0
0
0
1
0.00,97.00,35.00,53.00
0.00,97.00,35.00,53.00
0.00,97.00,35.00,53.00
0.00,97.00,35.00,53.00
0.00,97.00,35.00,53.00
0.00,97.00,35.00,53.00
0.00,97.00,35.00,53.00
0.00,97.00,35.00,53.00
0.00,97.00,35.00,53.00
0.00,97.00,35.00,53.00
0.00,97.00,35.00,53.00
0.00,97.00,35.00,53.00
0.00,97.00,35.00,53.00
0.00,97.00,35.00,53.00
0.00,97.00,35.00,53.00
2
0
0
0
0
1
158.00,97.00,38.00,54.00
158.00,97.00,38.00,54.00
158.00,97.00,38.00,54.00
158.00,97.00,38.00,54.00
158.00,97.00,38.00,54.00
158.00,97.00,38.00,54.00
158.00,97.00,38.00,54.00
158.00,97.00,38.00,54.00
158.00,97.00,38.00,54.00
158.00,97.00,38.00,54.00
158.00,97.00,38.00,54.00
158.00,97.00,38.00,54.00
158.00,97.00,38.00,54.00
158.00,97.00,38.00,54.00
158.00,97.00,38.00,54.00
158.00,97.00,38.00,54.00
158.00,97.00,38.00,54.00
158.00,97.00,38.00,54.00
158.00,97.00,38.00,54.00
158.00,97.00,38.00,54.00
158.00,97.00,38.00,54.00
158.00,97.00,38.00,54.00
158.00,97.00,38.00,54.00
158.00,97.00,38.00,54.00
158.00,97.00,38.00,54.00
158.00,97.00,38.00,54.00
158.00,97.00,38.00,54.00
158.00,97.00,38.00,54.00
158.00,97.00,38.00,54.00
158.00,97.00,38.00,54.00
158.00,97.00,38.00,54.00
158.00,97.00,38.00,54.00
158.00,97.00,38.00,54.00
158.00,97.00,38.00,54.00
158.00,97.00,38.00,54.00
158.00,97.00,38.00,54.00
158.00,97.00,38.00,54.00
158.00,97.00,38.00,54.00
158.00,97.00,38.00,54.00
158.00,97.00,38.00,54.00
158.00,97.00,38.00,54.00
158.00,97.00,38.00,54.00
158.00,97.00,38.00,54.00
158.00,97.00,38.00,54.00
158.00,97.00,38.00,54.00
158.00,97.00,38.00,54.00
