0.01383774
0.00219162
0.00216521
0.00223210
0.00229924
0.00226702
0.00225805
0.00224259
0.00222069
0.00224659
0.00225016
0.00223990
0.00224669
0.00224198
0.00224472
0.00223785
0.00224817
0.00224138
0.00224172
0.00224777
0.00222996
0.00224229
0.00224252
0.00224609
0.00223863
0.00225016
0.00225020
0.00224475
0.00224339
0.00224696
0.00224347
0.00223096
0.00222996
0.00225078
0.00224639
0.00224530
0.00225190
0.00224159
0.00225556
0.00224405
0.00224685
0.00225821
0.00225679
0.00224646
0.00224955
0.00224312
0.00224788
0.00224485
0.00225518
0.00227841
0.00000000
0.00000000
0.00000000
0.00000000
0.01236798
0.00182728
0.00183135
0.00179946
0.00181288
0.00180523
0.00182066
0.00181563
0.00180848
0.00000000
0.00000000
0.00000000
0.00000000
0.01176970
0.00172662
0.00169717
0.00173289
0.00171601
0.00173736
0.00174011
0.00173827
0.00172080
0.00173099
0.00172104
0.00173695
0.00172462
0.00172078
0.00172152
0.00000000
0.00000000
0.00000000
0.00000000
0.01036572
0.00162195
0.00162783
0.00162724
0.00163669
0.00162662
0.00162923
0.00163012
0.00163113
0.00162968
0.00163554
0.00162597
0.00162735
0.00161393
0.00000000
0.00000000
0.00000000
0.00000000
0.01448003
0.00228945
0.00228419
0.00227503
0.00228480
0.00227707
0.00228476
0.00228521
0.00229410
0.00228452
0.00229605
0.00229337
0.00229681
0.00229166
0.00228936
0.00228632
0.00229249
0.00000000
0.00000000
0.00000000
0.00000000
0.01127666
0.00182926
0.00181228
0.00181903
0.00181189
0.00185453
0.00192113
0.00183812
0.00182552
0.00182784
0.00181986
0.00183530
0.00182402
0.00183106
0.00180461
0.00181863
0.00181154
0.00181803
0.00181381
0.00181414
0.00180886
0.00181982
0.00182225
0.00182823
0.00181826
0.00183445
0.00182799
0.00182341
0.00181479
0.00183022
0.00181215
0.00181699
0.00180987
0.00183048
0.00181473
0.00184836
0.00182899
0.00191341
0.00182789
0.00182350
0.00181443
0.00183322
0.00182794
0.00183699
0.00183025
0.00182621
0.00181212
