0.00041720
0.00048779
0.00043754
0.00044498
0.00053344
0.00045301
0.00043979
0.00046322
0.00048341
0.00045467
0.00051695
0.00046796
0.00044464
0.00044311
0.00044169
0.00131820
0.00127523
0.00093447
0.00241138
0.00175889
0.00179304
0.00043988
0.00173251
0.00143045
0.00127215
0.00131576
0.00129910
0.00135780
0.00087124
0.00124258
0.00163853
0.00090256
0.00086325
0.00044191
0.00044775
0.00045170
0.00044473
0.00044338
0.00046412
0.00045439
0.00045692
0.00132047
0.00086034
0.00127374
0.00128923
0.00126547
0.00127409
0.00126844
0.00088966
0.00045686
0.00133067
0.00126646
0.00127307
0.00088416
0.00044320
0.00130953
0.00046567
0.00132049
0.00093673
0.00086239
0.00085958
0.00167912
0.00086402
0.00087503
0.00088830
0.00088855
0.00047368
0.00045142
0.00086327
0.00044219
0.00044683
0.00046175
0.00045539
0.00047101
0.00046982
0.00045446
0.00045644
0.00045493
0.00045296
0.00048502
0.00044275
0.00044379
0.00168298
0.00128299
0.00044141
0.00127792
0.00090552
0.00046790
0.00093759
0.00044483
0.00048760
0.00168640
0.00043396
0.00085898
0.00044533
0.00259531
0.00046154
0.00089734
0.00086378
0.00044485
0.00046424
0.00128435
0.00044183
0.00044725
0.00046894
0.00045705
0.00131413
0.00174235
0.00128202
0.00044465
0.00044450
0.00044543
0.00046432
0.00045409
0.00045846
0.00046324
0.00046248
0.00046919
0.00045359
0.00044546
0.00048313
0.00044449
0.00044454
0.00048133
0.00045517
0.00046230
0.00045547
0.00049132
0.00044859
0.00044358
0.00047333
0.00045696
0.00049058
0.00044365
0.00044447
0.00044348
0.00044489
0.00044347
0.00046965
0.00045581
0.00178290
0.00043264
0.00049801
0.00044498
0.00044472
0.00044972
0.00045769
0.00044308
0.00045799
0.00045816
0.00088998
0.00046198
0.00086942
0.00090921
0.00086031
0.00044830
0.00046136
0.00045904
0.00086560
0.00045077
0.00045020
0.00088463
0.00044415
0.00044688
0.00046022
0.00045852
0.00045818
0.00216740
0.00460035
0.00127229
0.00168674
0.00139911
0.00219200
0.00246080
0.00045283
0.00085974
0.00087889
0.00088201
0.00130141
0.00086275
0.00046322
0.00044350
0.00044733
0.00044400
0.00044551
0.00088359
0.00044312
0.00044497
0.00171446
0.00044393
0.00127691
0.00044595
0.00044455
0.00044537
0.00046233
0.00044219
0.00044581
0.00044598
0.00085919
0.00090135
0.00044506
0.00044586
0.00044674
0.00045816
0.00045736
0.00044780
0.00044578
0.00044262
0.00045758
0.00131550
0.00046100
0.00043436
0.00044400
0.00044343
0.00044589
0.00088983
0.00045606
0.00046253
0.00043360
0.00044473
0.00044462
0.00050934
0.00044654
0.00044358
0.00047867
0.00045486
0.00045495
0.00046446
0.00130844
0.00211357
0.00255441
0.00436778
0.00567617
0.00256844
0.00044374
0.00044839
0.00044725
0.00044586
0.00044617
0.00043347
0.00044405
0.00046193
0.00044730
0.00127156
0.00047312
0.00088105
0.00044279
0.00168736
0.00044384
0.00129941
0.00044490
0.00044945
0.00087215
0.00045775
0.00088641
0.00045548
0.00044232
0.00045810
0.00044540
0.00132001
0.00088219
0.00088706
0.00043266
0.00086506
0.00126924
0.00044571
0.00045151
0.00045931
0.00045898
0.00045695
0.00045677
0.00045880
0.00043358
0.00044425
0.00044749
0.00048034
0.00044409
0.00044481
0.00088521
0.00045395
0.00046511
0.00045610
0.00045547
0.00046040
0.00045638
0.00045978
0.00046368
0.00044629
0.00044364
0.00044957
0.00046990
0.00047838
0.00045904
0.00048805
0.00044322
0.00044559
0.00044703
0.00046943
0.00045746
0.00045667
0.00044657
0.00260128
0.00049611
0.00044603
0.00044710
0.00047220
0.00045569
0.00045657
0.00046489
0.00045733
0.00045781
0.00048953
0.00044636
0.00044486
0.00046937
0.00045671
0.00088913
0.00046064
0.00048987
0.00044648
0.00044663
0.00044291
0.00046881
0.00045699
0.00045489
0.00045523
0.00044424
0.00044352
0.00044323
0.00044407
0.00044179
0.00044365
0.00044742
0.00044204
0.00046887
0.00045820
0.00045648
0.00045610
0.00046656
0.00044445
0.00046134
0.00209523
0.00131642
0.00091095
0.00177305
0.00127674
0.00127559
0.00085851
0.00168039
0.00262791
0.00044517
0.00044330
0.00046680
0.00045877
0.00044428
0.00209221
0.00044949
0.00044320
0.00045800
0.00046169
0.00045367
0.00045522
0.00045708
0.00046036
0.00045843
0.00044350
0.00044312
0.00048171
0.00045876
0.00130494
0.00045610
0.00089822
0.00127494
0.00086138
0.00044361
0.00047974
0.00086317
0.00045833
0.00045510
0.00088435
0.00131052
0.00089975
0.00044398
0.00044237
0.00046329
0.00045771
0.00088465
0.00045406
0.00045675
0.00090050
0.00044316
0.00044310
0.00044405
0.00086237
0.00046713
0.00045763
0.00045396
0.00045624
0.00043242
0.00044686
0.00044280
0.00044588
0.00044434
0.00045764
0.00045523
0.00045671
0.00218191
0.00209991
0.00131459
0.00043392
0.00045298
0.00044270
0.00044451
0.00048556
0.00045611
