0.01930759
0.00306489
0.00318432
0.00305264
0.00289652
0.00306796
0.00293198
0.00297350
0.00289939
0.00295585
0.00289655
0.00295630
0.00298519
0.00297643
0.00293215
0.00289072
0.00290807
0.00297425
0.00293483
0.00289095
0.00288824
0.00297340
0.00297472
0.00297418
0.00290109
0.00297403
0.00296824
0.00290135
0.00305352
0.00298363
0.00294434
0.00300234
0.00296753
0.00293430
0.00301908
0.00295215
0.00291029
0.00294859
0.00288801
0.00293447
0.00290081
0.00297420
0.00293674
0.00288441
0.00288197
0.00288729
0.00297146
0.00297284
0.00307459
0.00290336
0.00288692
0.00289134
0.00299810
0.00299761
0.00288707
0.00295927
0.00298115
0.00297502
0.00292435
0.00298839
0.00289683
0.00301895
0.00289038
0.00288970
0.00297662
0.00299179
0.00288870
0.00294796
0.00297001
0.00295480
0.00289467
0.00293186
0.00289903
0.00297954
0.00290854
0.00289264
0.00288965
0.00301316
0.00296354
0.00293197
0.00292542
0.00293303
0.00292395
0.00289163
0.00296920
0.00307465
0.00291008
0.00289953
0.00302491
0.00289504
0.00290065
0.00295705
0.00292631
0.00289309
0.00296993
0.00292995
0.00288555
0.00293223
0.00290343
0.00297757
0.00299995
0.00289095
0.00288211
0.00296829
0.00297843
0.00288853
0.00293950
0.00287951
0.00288167
0.00294560
0.00289134
0.00289462
0.00296458
0.00303581
0.00298488
0.00290649
0.00292904
0.00297112
0.00289672
0.00297163
0.00297443
0.00292282
0.00289447
0.00293729
0.00298710
0.00298093
0.00289961
0.00292552
0.00288955
0.00301977
0.00292854
0.00288779
0.00302016
0.00288543
0.00297146
0.00296487
0.00321560
0.00294783
0.00293633
0.00289419
0.00292182
0.00290984
0.00297272
0.00294495
0.00288669
0.00290045
0.00298019
0.00295567
0.00289702
0.00298256
0.00301190
0.00295245
0.00297402
0.00293242
0.00296662
0.00300876
0.00298072
0.00288571
0.00292984
0.00293539
0.00297507
0.00290151
0.00297185
0.00298724
0.00295489
0.00296952
0.00288764
0.00291839
0.00291637
0.00296995
0.00297361
0.00290195
0.00288625
0.00302805
0.00297372
0.00301311
0.00288131
0.00288617
0.00296373
0.00298649
0.00295121
0.00288568
0.00301960
0.00291657
0.00292037
0.00296598
0.00295302
0.00323431
0.00290936
0.00289074
0.00294274
0.00289374
0.00292064
0.00297254
0.00296053
0.00288947
0.00317760
0.00289888
0.00297470
0.00295410
0.00290552
0.00297666
0.00293805
0.00289151
0.00296536
0.00295812
0.00293673
0.00298490
0.00297591
0.00295693
0.00294504
0.00289370
0.00296725
0.00297682
0.00296156
0.00294820
0.00293102
0.00293073
0.00297691
0.00293967
0.00289435
0.00293059
0.00297506
0.00293583
0.00294181
0.00297925
0.00289693
0.00289786
0.00293168
0.00289286
0.00297866
0.00301716
0.00293460
0.00289475
0.00297390
0.00301530
0.00298112
0.00291650
0.00298479
0.00301168
0.00292731
0.00289432
0.00293268
0.00289344
0.00298185
0.00294389
0.00290442
0.00298191
0.00315541
0.00308478
0.00295967
0.00300916
0.00298729
0.00294306
0.00297922
0.00297742
0.00303897
0.00301726
0.00289501
0.00292737
0.00297192
0.00294511
0.00289772
0.00289363
0.00293348
0.00310184
0.00301162
0.00299293
0.00289638
0.00298988
0.00297398
0.00297573
0.00298561
0.00297365
0.00289145
0.00291212
0.00292492
0.00308064
0.00300112
0.00289514
0.00298559
0.00296442
0.00289549
0.00295306
0.00295372
0.00300165
0.00289031
0.00298838
0.00300537
0.00298251
0.00300816
0.00293537
0.00297060
0.00294327
0.00299219
0.00290030
0.00298141
0.00298904
0.00289638
0.00305887
0.00297073
0.00287339
0.00297698
0.00300389
0.00289166
0.00297413
0.00302979
0.00297326
0.00297992
0.00289358
0.00296962
0.00295615
0.00289378
0.00296816
0.00295635
0.00290086
0.00296870
0.00296481
0.00308908
0.00289932
0.00297701
0.00296757
0.00294323
0.00289021
0.00292685
0.00295795
0.00289025
0.00297544
0.00297893
0.00299312
0.00293177
0.00300388
0.00294905
0.00289341
0.00296751
0.00294632
0.00288893
0.00306956
0.00298167
0.00309186
0.00296061
0.00299806
0.00292846
0.00295681
0.00296368
0.00296610
0.00291745
0.00303138
0.00299702
0.00291537
0.00295234
0.00302028
0.00297022
0.00291142
0.00296755
0.00297626
0.00293864
0.00296700
0.00296741
0.00292969
0.00300686
0.00295826
0.00289801
0.00296852
0.00295040
0.00292649
0.00297013
0.00294070
0.00288504
0.00297094
0.00291366
0.00289137
0.00300557
0.00294256
0.00289298
0.00304363
0.00297725
0.00296734
0.00291963
0.00292348
0.00298989
0.00292800
0.00287957
0.00292308
0.00295973
0.00292834
0.00288349
0.00300022
0.00296807
0.00298281
0.00288444
0.00296735
0.00299665
0.00288458
0.00290918
0.00287496
0.00295549
0.00300502
0.00288163
0.00302417
0.00295934
0.00301745
0.00288508
0.00296630
0.00296604
0.00304419
0.00292780
0.00297943
0.00297222
0.00295177
0.00294778
0.00296178
0.00292226
0.00301799
0.00318608
0.00301201
0.00296643
0.00292762
0.00296274
0.00296601
0.00296793
0.00293936
0.00295701
0.00307202
0.00293599
0.00299914
0.00299914
0.00293717
0.00292886
0.00302579
0.00294666
0.00289148
0.00292561
0.00297160
0.00293526
0.00288947
0.00297633
0.00301129
0.00288993
0.00289051
0.00302837
0.00294576
0.00290660
0.00298427
0.00297015
0.00291964
0.00288493
0.00293904
0.00288534
0.00300862
0.00300196
0.00298697
0.00288574
0.00295876
0.00299208
0.00288530
0.00296898
0.00296547
0.00301344
0.00288808
0.00293193
0.00297275
0.00301485
0.00289188
0.00296091
0.00296536
0.00291302
0.00289186
0.00300180
0.00299046
0.00295709
0.00292823
0.00293925
0.00297162
0.00292824
0.00293125
0.00298655
0.00000000
0.00000000
0.00000000
0.00000000
0.00931341
0.00142380
0.00143061
0.00138045
0.00133850
0.00138495
0.00133991
0.00143056
0.00143087
0.00138714
0.00152852
0.00140334
0.00139485
0.00142947
0.00137830
0.00137252
0.00142223
0.00136748
0.00135785
0.00143561
0.00138113
0.00138259
0.00133515
0.00139730
0.00138088
0.00133545
0.00136571
0.00138222
0.00133524
0.00141750
0.00133606
0.00135548
0.00141984
0.00135215
0.00141435
0.00139007
0.00137284
0.00141305
0.00141434
0.00136797
0.00142426
0.00141654
0.00134125
0.00134232
0.00137102
0.00137418
0.00137103
0.00137143
0.00137792
0.00141739
0.00130268
0.00141692
0.00133655
0.00138662
0.00137209
0.00137592
0.00138013
0.00141074
0.00134828
0.00136460
0.00137195
0.00141838
0.00134319
0.00134216
0.00140945
0.00137814
0.00137398
0.00142190
0.00133648
0.00137600
0.00139047
0.00137650
0.00149271
0.00144491
0.00133864
0.00138767
0.00137356
0.00141484
0.00147265
0.00136064
0.00134906
0.00133747
0.00138791
0.00137818
0.00136581
0.00141777
0.00137597
0.00133933
0.00140017
0.00137634
0.00138200
0.00134921
0.00133628
0.00136093
0.00141379
0.00137775
0.00133920
0.00135816
0.00137330
0.00137571
0.00138139
0.00134099
0.00137842
0.00136363
0.00137079
0.00148164
0.00132386
0.00133993
0.00139898
0.00133920
0.00139688
0.00141825
0.00133236
0.00138603
0.00136575
0.00137572
0.00141061
0.00142165
0.00133711
0.00142299
0.00136662
0.00136154
0.00137519
0.00137157
0.00137560
0.00141419
0.00134452
0.00134051
0.00133402
0.00136080
0.00137437
0.00137321
0.00142965
0.00135410
0.00145862
0.00142133
0.00137422
0.00140189
0.00138547
0.00136941
0.00133576
0.00134567
0.00133605
0.00138062
0.00136906
0.00136578
0.00134096
0.00136997
0.00139499
0.00137807
0.00141689
0.00139741
0.00133135
0.00137512
0.00141638
0.00139493
0.00133525
0.00135031
0.00136219
0.00144145
0.00140396
0.00138741
0.00141236
0.00137398
0.00136945
0.00138942
0.00133287
0.00133662
0.00137504
0.00142252
0.00134756
0.00133526
0.00140722
0.00145275
0.00135316
0.00134142
0.00136342
0.00137257
0.00137093
0.00137724
0.00138010
0.00134288
0.00136369
0.00136946
0.00141813
0.00136780
0.00139414
0.00133783
0.00136830
0.00142528
0.00137360
0.00136985
0.00146388
0.00133290
0.00138090
0.00138291
0.00136111
0.00137834
0.00136754
0.00133520
0.00134719
0.00133840
0.00137122
0.00137831
0.00141185
0.00135289
0.00133352
0.00137134
0.00141762
0.00137120
0.00136521
0.00134381
0.00136858
0.00137865
0.00134887
0.00133702
0.00136413
0.00136919
0.00136906
0.00137602
0.00140324
0.00135512
0.00135893
0.00134076
0.00136734
0.00137404
0.00136877
0.00138296
0.00134683
0.00136187
0.00138260
0.00137658
0.00142070
0.00132616
0.00133443
0.00139900
0.00133693
0.00135968
0.00144927
0.00141892
0.00135869
0.00142283
0.00137350
0.00142349
0.00134288
0.00136496
0.00141856
0.00137754
0.00170619
0.00131388
0.00136845
0.00137884
0.00133429
0.00137501
0.00137657
0.00137292
0.00141605
0.00135458
0.00133295
0.00134009
0.00139735
0.00150878
0.00141850
0.00133548
0.00133628
0.00137875
0.00137995
0.00139464
0.00137900
0.00145660
0.00139203
0.00140337
0.00139219
0.00000000
0.00000000
0.00000000
0.00000000
0.01399716
0.00215148
0.00208464
0.00206574
0.00205991
0.00212602
0.00213948
0.00205748
0.00211064
0.00205866
0.00206996
0.00211085
