0.00033192
0.00029021
0.00083132
0.00054859
0.00080127
0.00058388
0.00028111
0.00028247
0.00062816
0.00070866
0.00030940
0.00055034
0.00028724
0.00131356
0.00028909
0.00030131
0.00028192
0.00030213
0.00028432
0.00056920
0.00056743
0.00028910
0.00028840
0.00028818
0.00054716
0.00080428
0.00054909
0.00080162
0.00028974
0.00029701
0.00055594
0.00028725
0.00054726
0.00080593
0.00028685
0.00054849
0.00054747
0.00054639
0.00054429
0.00028633
0.00028690
0.00080389
0.00080335
0.00079913
0.00054747
0.00054681
0.00055355
0.00028636
0.00028675
0.00055455
0.00054587
0.00080015
0.00104878
0.00204156
0.00106464
0.00081552
0.00028021
0.00079863
0.00028972
0.00028922
0.00056847
0.00104942
0.00028763
0.00055414
0.00028958
0.00028944
0.00130973
0.00028673
0.00080799
0.00077950
0.00028016
0.00053754
0.00028018
0.00082722
0.00054937
0.00130295
0.00057728
0.00078142
0.00127111
0.00053172
0.00053238
0.00029815
0.00028734
0.00028725
0.00028793
0.00028644
0.00079676
0.00079545
0.00129181
0.00130762
0.00106764
0.00102001
0.00247743
0.00228000
0.00053195
0.00053179
0.00078026
0.00029628
0.00130464
0.00080281
0.00029010
0.00130442
0.00080542
0.00105305
0.00028846
0.00028936
0.00028909
0.00131267
0.00079993
0.00187024
0.00085972
0.00123907
0.00127407
0.00175898
0.00078646
0.00028022
0.00028783
0.00080709
0.00028814
0.00080384
0.00054734
0.00105766
0.00130201
0.00078765
0.00156688
0.00000000
0.00000000
0.00000000
0.00000000
0.00031284
0.00027453
0.00028030
0.00028782
0.00027770
0.00053395
0.00028146
0.00080448
0.00053117
0.00053530
0.00027911
0.00077167
0.00101405
0.00077285
0.00081266
0.00027524
0.00027297
0.00027349
0.00250405
0.00027211
0.00027263
0.00286443
0.00027584
0.00076872
0.00029398
0.00028071
0.00077212
0.00052791
0.00053232
0.00027834
0.00223661
0.00027307
0.00027332
0.00027149
0.00054441
0.00077268
0.00052796
0.00053552
0.00053091
0.00028081
0.00027912
0.00247518
0.00075570
0.00027285
0.00027406
0.00394826
0.00055838
0.00027927
0.00027259
0.00080039
0.00027984
0.00027912
0.00052818
0.00027955
0.00027946
0.00102069
0.00101200
0.00052849
0.00056579
0.00121787
0.00056487
0.00077350
0.00028472
0.00027961
0.00054660
0.00077486
0.00027950
0.00078123
0.00052914
0.00077582
0.00055841
0.00051443
0.00027159
0.00029314
0.00052867
0.00027868
0.00053116
0.00077175
0.00028089
0.00078330
0.00029163
0.00029464
0.00054603
0.00081138
0.00078015
0.00052962
0.00077680
0.00053035
0.00056265
0.00051651
0.00054552
0.00052821
0.00027959
0.00052932
0.00027879
0.00052878
0.00053065
0.00027870
0.00078017
0.00101677
0.00077922
0.00027444
0.00030011
0.00127603
0.00076792
0.00028109
0.00027907
0.00053173
0.00028001
0.00077311
0.00052892
0.00101927
0.00027929
0.00027916
0.00027872
0.00027919
0.00077584
0.00101691
0.00076389
0.00051438
0.00027221
0.00029722
0.00077281
0.00028442
0.00052812
0.00101408
0.00028293
0.00027962
0.00028002
0.00028018
0.00027981
0.00027895
0.00027925
0.00027823
0.00361770
0.00027280
0.00027324
0.00053367
0.00179310
0.00150783
0.00027258
0.00028545
0.00027286
0.00027910
0.00029839
0.00027955
0.00028814
0.00028120
0.00053190
0.00173205
0.00264596
0.00103715
0.00075483
0.00055676
0.00051521
0.00051457
0.00053107
0.00077394
0.00052827
0.00052901
0.00077365
0.00101698
0.00052751
0.00083924
0.00051377
0.00055869
0.00053950
0.00028288
0.00028341
0.00053131
0.00028043
0.00077667
0.00077444
0.00077287
0.00119895
0.00027398
0.00027380
0.00077528
0.00028003
0.00077429
0.00028004
0.00052799
0.00028157
0.00126533
0.00053009
0.00028500
0.00053310
0.00027878
0.00053624
0.00028122
0.00053022
0.00028075
0.00053121
0.00028180
0.00028239
0.00028168
0.00028132
0.00028024
0.00149812
0.00028122
0.00052962
0.00027923
0.00028098
0.00053169
0.00052693
0.00077640
0.00027931
0.00127257
0.00050350
0.00103632
0.00192033
0.00220950
0.00053911
0.00248627
0.00027304
0.00027211
0.00027902
0.00028158
0.00028802
0.00027963
0.00028073
0.00028815
0.00027986
0.00028147
0.00028077
0.00246483
0.00051471
0.00056167
0.00027172
0.00027233
0.00028966
0.00029321
0.00053018
0.00246300
0.00027345
0.00027157
0.00075179
0.00079585
0.00175159
0.00076694
0.00127448
0.00027214
0.00077005
0.00083954
0.00052987
0.00102691
0.00078591
0.00077652
0.00052988
0.00028031
0.00027827
0.00053262
0.00027899
0.00053681
0.00027861
0.00027828
0.00053597
0.00125765
0.00174681
0.00052740
0.00126495
0.00101884
0.00099810
0.00081122
0.00051704
0.00027489
0.00027959
0.00027902
0.00077502
0.00027940
0.00150430
0.00077719
0.00101788
0.00052575
0.00077954
0.00147646
0.00029226
0.00075358
0.00027075
0.00054634
0.00027806
0.00055386
0.00028043
0.00028195
0.00028241
0.00028781
0.00053294
0.00078271
0.00175409
0.00292185
0.00080180
0.00026818
0.00051836
0.00027739
0.00051724
0.00027946
0.00028868
0.00053116
0.00053618
0.00028167
0.00028004
0.00027891
0.00028076
0.00053095
0.00053109
0.00027993
0.00052872
0.00052873
0.00052946
0.00027953
0.00053432
0.00077744
0.00052833
0.00053076
0.00053107
0.00028053
0.00077559
0.00053195
0.00029541
0.00051814
0.00099229
0.00102068
0.00077764
0.00126251
0.00077628
0.00052924
0.00056919
0.00027252
0.00051589
0.00027914
0.00027974
0.00027977
0.00027978
0.00027913
0.00028043
0.00269768
0.00026405
0.00027206
0.00052256
0.00029494
0.00079830
0.00052891
0.00052935
0.00027756
0.00027889
0.00027933
0.00027907
0.00027902
0.00052929
0.00078254
0.00027986
0.00101816
0.00028265
0.00027995
0.00027915
0.00077206
0.00078862
0.00103582
0.00074841
0.00080074
0.00052598
0.00052840
0.00077824
0.00026596
0.00027333
0.00051685
0.00028986
0.00029922
0.00028062
0.00028076
0.00028682
0.00028334
0.00028097
0.00028010
0.00028088
0.00028058
0.00028144
0.00027984
0.00053132
0.00028466
0.00053169
0.00077602
0.00027431
0.00027363
0.00054134
0.00101490
0.00101761
0.00056160
0.00127009
0.00102975
0.00122437
0.00051629
0.00076088
0.00055898
0.00054790
0.00028148
0.00028294
0.00028080
0.00079279
0.00028137
0.00053317
0.00027958
0.00053218
0.00053245
0.00054119
0.00078087
0.00102906
0.00077465
0.00077440
0.00103772
0.00098642
0.00075637
0.00027096
0.00055741
0.00054438
0.00053156
0.00077744
0.00077180
0.00078488
0.00052834
0.00078389
0.00053116
0.00027933
0.00053848
0.00027862
0.00126319
0.00122029
0.00054450
0.00099630
0.00098325
0.00102705
0.00365171
0.00217696
0.00097873
0.00000000
0.00000000
0.00000000
0.00000000
0.00039760
0.00179933
0.00038787
0.00038015
0.00142189
0.00143267
0.00246354
0.00144209
0.00143790
0.00139074
0.00217205
0.00257472
0.00207664
0.00180482
0.00107196
0.00143336
0.00112675
0.00039807
0.00108602
0.00109321
0.00107869
0.00038184
0.00038101
0.00073694
0.00038378
0.00142953
0.00038385
0.00038045
0.00213037
0.00249005
