0.00001091
0.00273666
0.00270659
0.00284811
0.00328005
0.00281391
0.00288700
0.00280587
0.00279889
0.00326633
0.00277817
0.00284250
0.00276048
0.00279940
0.00272146
0.00274274
0.00273419
0.00273117
0.00268495
0.00272479
0.00264938
0.00265646
0.00271707
0.00268347
0.00268981
0.00274730
0.00264238
0.00270372
0.00275420
0.00263461
0.00261314
0.00262470
0.00235769
0.00239282
0.00261870
0.00266476
0.00268917
0.00268656
0.00280256
0.00272550
0.00271329
0.00274617
0.00272698
0.00269880
0.00267950
0.00262953
0.00262595
0.00260899
0.00264922
0.00269734
0.00262618
0.00259113
0.00261500
0.00261117
0.00265116
0.00268368
0.00269206
0.00268652
0.00268780
0.00273469
0.00268642
0.00268629
0.00269082
0.00268919
0.00269066
0.00266244
0.00273483
0.00267216
0.00268228
0.00268478
0.00269107
0.00268673
0.00269148
0.00268063
0.00268514
0.00268686
0.00269119
0.00276792
0.00273697
0.00271993
0.00262759
0.00266788
0.00263972
0.00294236
0.00274319
0.00268695
0.00274014
0.00270732
0.00267042
0.00265593
0.00264520
0.00263167
0.00264346
0.00268689
0.00267582
0.00268253
0.00272922
0.00268823
0.00269080
0.00276456
0.00268725
0.00268024
0.00268791
0.00268749
0.00269175
0.00268617
0.00277400
0.00273000
0.00262943
0.00258263
0.00254632
0.00224500
0.00222515
0.00221144
0.00222420
0.00254346
0.00255665
0.00258601
0.00261423
0.00268321
0.00280193
0.00283894
0.00280532
0.00268773
0.00272928
0.00277045
0.00272980
0.00265087
0.00265714
0.00266728
0.00268844
0.00264210
0.00265827
0.00261381
0.00264494
0.00267851
0.00277599
0.00273074
0.00269336
0.00267983
0.00274195
0.00268645
0.00290485
0.00271064
0.00264688
0.00264276
0.00262381
0.00260487
0.00261127
0.00262933
0.00269943
0.00261844
0.00262445
0.00263446
0.00265555
0.00270726
0.00268537
0.00268637
0.00269288
0.00268268
0.00282684
0.00268629
0.00268859
0.00268684
0.00268993
0.00273168
0.00273150
0.00268250
0.00271560
0.00268448
0.00271275
0.00268470
0.00269084
0.00274603
0.00000000
0.00000000
0.00000000
0.00000000
0.00000933
0.00147233
0.00147522
0.00147150
0.00147426
0.00147200
0.00147089
0.00147126
0.00148517
0.00157238
0.00159673
0.00151718
0.00159955
0.00151347
0.00155082
0.00151114
0.00147561
0.00147251
0.00147294
0.00147554
0.00145174
0.00150912
0.00146922
0.00150539
0.00146903
0.00147106
0.00147101
0.00147068
0.00149535
0.00147217
0.00151388
0.00148782
0.00151463
0.00151313
0.00147205
0.00151112
0.00146925
0.00147581
0.00147054
0.00147465
0.00147131
0.00165463
0.00156296
0.00147216
0.00147663
0.00147106
0.00145761
0.00145846
0.00145694
0.00149858
0.00145603
0.00148566
0.00157613
0.00147174
0.00129691
0.00127587
0.00126284
0.00132903
0.00128916
0.00148217
0.00160334
0.00161369
0.00149432
0.00148584
0.00147505
0.00147174
0.00147549
0.00147110
0.00147044
0.00147144
0.00149277
0.00147771
0.00184861
0.00183731
0.00174694
0.00125362
0.00126064
0.00124243
0.00128690
0.00125281
0.00171790
0.00184437
0.00150067
0.00147438
0.00148855
0.00151671
0.00150907
0.00147546
0.00147198
0.00147124
0.00147126
0.00147076
0.00149779
0.00151031
0.00152226
0.00152194
0.00146982
0.00147235
0.00146878
0.00147805
0.00146940
0.00153184
0.00148454
0.00149156
0.00146966
0.00147273
0.00152656
0.00151060
0.00153488
0.00151625
0.00147687
0.00147291
0.00147161
0.00160567
0.00157582
0.00125936
0.00124706
0.00158163
0.00161283
0.00147660
0.00185949
0.00188278
0.00188588
0.00184366
0.00184597
0.00150950
0.00147218
0.00147663
0.00147138
0.00167896
0.00156440
0.00147149
0.00151235
0.00147090
0.00151707
0.00146950
0.00147132
0.00151232
0.00147270
0.00151020
0.00146948
0.00153831
0.00151324
0.00150928
0.00156076
0.00150379
0.00151742
0.00155726
0.00151417
0.00147156
0.00147199
0.00154549
0.00147144
0.00147837
0.00147461
0.00150009
0.00146192
0.00142380
0.00149987
0.00151530
0.00156403
0.00147150
0.00151721
0.00147102
0.00148487
0.00154303
0.00147142
0.00151784
0.00146945
0.00151718
0.00147087
0.00147197
0.00147079
0.00147167
0.00151312
0.00146921
0.00147711
0.00147329
0.00147759
0.00147044
0.00147311
0.00148946
0.00152665
0.00147517
0.00147201
0.00147566
0.00147230
0.00147219
0.00147319
0.00148986
0.00151110
0.00151014
0.00147691
0.00157030
0.00147095
0.00151381
0.00147113
0.00151347
0.00147190
0.00151137
0.00147113
0.00147144
0.00146913
0.00147116
0.00153517
0.00146910
0.00151688
0.00148710
0.00167314
0.00161552
0.00157535
0.00126535
0.00157614
0.00159743
0.00147124
0.00147582
0.00147093
0.00173565
0.00150471
0.00147121
0.00151150
0.00151737
0.00151525
0.00147163
0.00150630
0.00151135
