0.00001350
0.01359284
0.01338461
0.01327061
0.01307911
0.01336882
0.01317337
0.01291488
0.01312192
0.01295002
0.01303477
0.01283612
0.01299339
0.01288464
0.01298272
0.01289073
0.01302546
0.01289592
0.01303428
0.01289939
0.01300398
0.01288823
0.01323269
0.01301816
0.01312574
0.00000000
0.00000000
0.00000000
0.00000000
0.00001712
0.01477949
0.01425509
0.01432440
0.01444078
0.01434131
0.01447287
0.01436322
0.01442453
0.01432338
0.01442276
0.01444574
0.01448352
0.01433720
0.01443118
0.01430337
0.01443406
0.01486734
0.01453829
0.01433647
0.01444780
0.01429888
0.01442717
0.01443982
0.01448933
0.01431019
0.01444983
0.01427255
0.01440100
0.01426962
0.01466798
0.01443457
0.01441677
0.01431913
0.01442593
0.01432858
0.01471742
0.01455094
0.01451608
0.01439784
0.01446461
0.01429974
0.01445082
0.00000000
0.00000000
0.00000000
0.00000000
0.00001878
0.01096512
0.01016063
0.01003107
0.01031296
0.01016771
0.01012721
0.01007680
0.01005400
0.01005717
0.01002365
0.01002633
0.01003260
0.01002791
0.01001966
0.01003125
0.01002055
0.01031565
0.01004253
0.01011305
0.01002477
0.01002350
0.01003065
0.01003642
0.00996147
0.00995145
0.01000541
0.00999634
0.00997867
0.00993334
0.00994271
0.00994238
0.00988826
0.00991026
0.00999780
0.01003230
0.01002090
0.01005064
0.01002688
0.00992338
0.00968767
0.00969587
0.00966964
0.00972292
0.00974535
0.00969557
0.00967211
0.00970755
0.00967586
0.00970231
0.00968704
0.00970113
0.00967618
0.00970306
0.00970253
0.00969620
0.00968276
0.00969945
0.00968806
0.00969663
0.00966366
0.00972058
0.00969752
0.00970905
0.00968251
0.00969954
0.00968598
0.00970513
0.00969650
0.00970238
0.01010118
0.01019806
0.01010168
0.01004704
0.01003064
0.01005275
0.01001323
0.01003068
0.01003018
0.01021663
0.01005271
0.01005296
0.01004745
0.01001805
0.01001265
0.00995708
0.01000094
0.01005980
0.00000000
0.00000000
0.00000000
0.00000000
0.00001325
0.01165708
0.01150532
0.01147133
0.01171649
0.01162993
0.01174742
0.01173666
0.01160582
0.01153754
0.01150328
0.01151879
0.01152055
0.01170790
0.01148695
0.01153454
0.01151484
0.01149955
0.01148317
0.01148801
0.01147759
0.01147034
0.01143746
0.01150304
0.01147683
0.01144504
0.01139855
0.01135494
0.01129722
0.01122166
0.00869831
0.00893545
0.00877554
0.00000000
0.00000000
0.00000000
0.00000000
0.00026675
0.01743167
0.01625343
0.01726789
0.01596987
0.01721520
0.01608241
0.01726196
0.01603432
0.01716806
0.01597620
0.01713846
0.01598025
0.01717632
0.00000000
0.00000000
0.00000000
0.00000000
0.00001546
0.01617470
0.01604671
0.01601159
0.01602543
0.01603529
0.01604140
0.00000000
0.00000000
0.00000000
0.00000000
0.00027781
0.01103391
0.01007684
0.01005985
0.01008001
0.00000000
0.00000000
0.00000000
0.00000000
0.00001391
0.00902715
0.00898027
0.00897166
0.00902638
0.00000000
0.00000000
0.00000000
0.00000000
0.00001364
0.00918898
0.00915061
0.00917125
0.00000000
0.00000000
0.00000000
0.00000000
0.00001397
0.00913039
0.00896487
0.00895618
0.00888462
0.00887366
0.00000000
0.00000000
0.00000000
0.00000000
0.00001243
0.00775398
0.00780477
0.00776727
0.00773976
0.00766177
0.00789879
0.00775066
0.00781042
0.00770295
0.00807290
0.00823846
0.00808412
0.00809827
0.00803635
0.00802669
0.00801023
0.00802674
0.00798643
0.00793686
0.00725668
0.00721749
0.00716760
0.00717048
0.00712408
0.00760827
0.00757284
0.00756515
0.00808316
0.00806424
0.00807303
0.00806640
0.00806487
0.00804625
0.00855807
0.00854557
0.00853473
0.00857109
0.00857028
0.00000000
0.00000000
0.00000000
0.00000000
0.00001416
0.00700382
0.00695657
0.00692839
0.00702849
0.00836878
0.00832034
0.00751315
0.00896238
0.00000000
0.00000000
0.00000000
0.00000000
0.00001278
0.00776348
0.00780214
0.00787697
0.00845106
0.00843657
0.00847101
0.00846202
0.00845761
0.00846928
0.00846988
0.00846745
0.00846713
0.00846814
0.00846163
0.00846144
0.00845710
0.00845781
0.00846643
0.00846395
0.00847331
0.00837070
0.00875446
0.00858134
0.00849215
0.00847792
0.00846611
0.00846572
0.00845649
0.00845884
0.00844073
0.00844065
0.00782803
0.00781009
0.00775082
0.00779665
0.00779417
0.00778927
0.00779667
0.00781929
0.00782112
0.00779372
0.00775474
0.00779365
0.00777855
0.00792463
0.00780554
0.00771847
0.00767101
0.00764385
0.00804312
0.00800226
0.00817832
0.00802398
0.00808568
0.00718364
0.00719578
0.00713621
0.00710020
0.00701030
0.00694757
0.00688765
0.00662704
0.00654305
0.00650296
0.00648712
0.00689882
0.00697000
0.00708251
0.00720612
0.00804980
0.00729753
0.00589284
0.00582040
0.00664864
0.00566321
0.00565141
0.00564341
0.00567120
0.00695881
0.00565783
0.00561250
0.00804264
0.00795281
0.00786729
0.00785909
0.00759561
0.00785681
0.00787247
0.00740227
0.00716485
0.00700846
0.00699187
0.00693511
0.00696563
0.00696844
0.00698736
0.00696560
0.00700717
0.00704798
0.00702408
0.00709825
0.00705739
0.00723255
0.00789426
0.00785789
0.00790801
0.00754204
0.00799889
0.00794732
0.00800129
0.00762414
0.00846785
0.00846637
0.00846406
0.00846796
0.00846881
0.00846167
0.00846303
0.00843159
0.00843733
0.00780845
0.00847083
0.00847168
0.00845066
0.00845878
0.00846257
0.00845674
0.00845617
0.00846060
0.00776448
0.00763968
0.00760394
0.00764497
0.00764402
0.00845922
0.00846803
0.00846043
0.00846971
0.00845448
0.00779749
0.00775604
0.00774414
0.00768722
0.00768829
0.00771013
0.00772459
0.00774568
0.00776814
0.00780263
0.00779250
0.00770585
0.00818792
0.00821585
0.00836227
0.00827112
0.00825866
0.00816708
0.00773532
0.00750163
0.00750015
0.00746941
0.00745605
0.00746244
0.00762355
0.00742238
0.00741925
0.00737005
0.00737480
0.00732875
0.00732069
0.00728257
0.00728737
0.00778085
