0.00059585
0.00063738
0.00063515
0.00064036
0.00063167
0.00158938
0.00092302
0.00128456
0.00061981
0.00245550
0.00061981
0.00224790
0.00099936
0.00066731
0.00064027
0.00064608
0.00066811
0.00137261
0.00319006
0.00133039
0.00062333
0.00483323
0.00245327
0.00063731
0.00063389
0.00068150
0.00184714
0.00063726
0.00308662
0.00304024
0.00247376
0.00543080
0.00454926
0.00071696
0.00063882
0.00067359
0.00433349
0.00304668
0.00122011
0.00063408
0.00971750
0.00066004
0.00065899
0.00378085
0.00364029
0.00303579
0.00363546
0.00366174
0.00194718
0.00183159
0.00425204
0.00183319
0.00191638
0.00061784
0.00063734
0.00371671
0.00128988
0.00183699
0.00251099
0.00062820
0.00065432
0.00066408
0.00364962
0.00545676
0.00125755
0.00128686
0.00244307
0.00063891
0.00124869
0.00433086
0.00305153
0.00124503
0.00063673
0.00124985
0.00063575
0.00063496
0.00558539
0.00477431
0.00252287
0.00190087
0.00184327
0.00245520
0.00245258
0.00184713
0.00554044
0.01187195
0.00368034
0.00249059
0.00121030
0.00487741
0.00489730
0.00061800
0.00129392
0.00063437
0.00310111
0.00123486
0.00128970
0.00124283
0.00063150
0.00063470
0.00067145
0.00123826
0.00124620
0.00063347
0.00064352
0.00063532
0.00184760
0.00127941
0.00124319
0.00124426
0.00244195
0.00248286
0.00242279
0.00190319
0.00330270
0.00179722
0.00126469
0.00063315
0.00190866
0.00125681
0.00120191
0.00312532
0.00183311
0.00063265
0.00127435
0.00248526
0.00063129
0.00063534
0.00063256
0.00063186
0.00127864
0.00063384
0.00063100
0.00063081
0.00063389
0.00063336
0.00064548
0.00063424
0.00186872
0.00123423
0.00124232
0.00123458
0.00063634
0.00123475
0.00318833
0.00128164
0.00124192
0.00063178
0.00064565
0.00063387
0.00064360
0.00063695
0.00063577
0.00065672
0.00063651
0.00365024
0.00188966
0.00063304
0.00063711
0.00063902
0.00066085
0.00066077
0.00192119
0.00063695
0.00063526
0.00063679
0.00191970
0.00248046
0.00184127
0.00305092
0.00473623
0.00310911
0.00369800
0.00064025
0.00246002
0.00184151
0.00245307
0.00244252
0.00304616
0.00307846
0.00237379
0.00065596
0.00063756
0.00064884
0.00129949
0.00063794
0.00063572
0.00609700
0.00970464
0.00063803
0.00124679
0.00126918
0.00063788
0.00063800
0.00063976
0.00249285
0.00124552
0.00184198
0.00124970
0.00063722
0.00065595
0.00063980
0.00065736
0.00186489
0.00124270
0.00063837
0.00063837
0.00309810
0.00063964
0.00125047
0.00124426
0.00064489
0.00063749
0.00064345
0.00070727
0.00136361
0.00130300
0.00248004
0.00124184
0.00305092
0.00184961
0.00427110
0.00307204
0.00365866
0.00124342
0.00124526
0.00063677
0.00189517
0.00064099
0.00063788
0.00064667
0.00513420
0.00072277
0.00192167
0.00185215
0.00181304
0.00247068
0.00067476
0.00071877
0.00253083
0.00186794
0.00063633
0.00740184
0.00556594
0.00243938
0.00128891
0.00064303
0.00862895
0.00369045
0.00365583
0.00982464
0.00649068
0.00000000
0.00000000
0.00000000
0.00000000
0.00051082
0.00051702
0.00061793
0.00052504
0.00051672
0.00101625
0.00100792
0.00153993
0.00100208
0.00100542
0.00344960
0.00212152
0.00101862
0.00149044
0.00100600
0.00649609
0.00102343
0.00103342
0.00051642
0.00053866
0.00055353
0.00210561
0.00099822
0.00100399
0.00053632
0.00051643
0.00052187
0.00051957
0.00055258
0.00051548
0.00104420
0.00066507
0.00070435
0.00155216
0.00051577
0.00104956
0.00100579
0.00201231
0.00051683
0.00051681
0.00100559
0.00051973
0.00051513
0.00153148
0.00101134
0.00100447
0.00051790
0.00152268
0.00100461
0.00148794
0.00151533
0.00100107
0.00051355
0.00053489
0.00051395
0.00051739
0.00100278
0.00051859
0.00051595
0.00054015
0.00053060
0.00053191
0.00205544
0.00105062
0.00246401
0.00202869
0.00202434
0.00051848
0.00051976
0.00053210
0.00197296
0.00969423
0.00052332
0.00051581
0.00051851
0.00054218
0.00149232
0.00051901
0.00100815
0.00254128
0.00057794
0.00051780
0.00053511
0.00051705
0.00157828
0.00396708
0.00294432
0.00249180
0.00198489
0.00196829
0.00197651
0.00198082
0.00155273
0.00051869
0.00202422
0.00149898
0.00392192
0.00056897
0.00246587
0.00343929
0.00056882
0.00247753
0.00145563
0.00156065
0.00148345
0.00786429
0.00056362
0.00051575
0.00052945
0.00299060
0.00051623
0.00203902
0.00153443
0.00249670
0.00244457
0.00345764
0.00298158
0.00100499
0.00297598
0.00340822
0.00293144
0.00198061
0.00158171
0.00051682
0.00201202
0.00394565
0.00050889
0.00149416
0.00202925
0.00100761
0.00246169
0.00197464
0.00393656
0.00348856
0.00192837
0.00152905
0.00348211
0.00344615
0.00293468
0.00243597
0.00050346
0.00103564
0.00051377
0.00055754
0.00202986
0.00051844
0.00100715
0.00392964
0.00249839
0.00390123
0.00500572
0.00050514
0.00152979
0.00148220
0.00051333
0.00196674
0.00245400
0.00437225
0.00197854
0.00051773
0.00149686
0.00154740
0.00112442
0.00100836
0.00051823
0.00051759
0.00052264
0.00352421
0.00399389
0.00103086
0.00100921
0.00154157
0.00100858
0.00101595
0.00052052
0.00056428
0.00051672
0.00100785
0.00202390
0.00196929
0.00197135
0.00339482
0.00379672
0.00057162
0.00149394
0.00050514
0.00052520
0.00053955
0.00052734
0.00051852
0.00100628
0.00197243
0.00051603
0.00054308
0.00054373
0.00053238
0.00051660
0.00153216
0.00051433
0.00054407
0.00397907
0.00105022
0.00442305
0.00051601
0.00052330
0.00202865
0.00051847
0.00100487
0.00053341
0.00051618
0.00055157
0.00053133
0.00204506
0.00071310
0.00053829
0.00052378
0.00052138
0.00053149
0.00156290
0.00150311
0.00149128
0.00061792
0.00051871
0.00345261
0.00296651
0.00051793
0.00052100
0.00054734
0.00051738
0.00051653
0.00198818
0.00051868
0.00051726
0.00054328
0.00103410
0.00104486
0.00052989
0.00057483
0.00148987
0.00202101
0.00051753
0.00197403
0.00197492
0.00052452
