0.00858919
0.00104555
0.00099537
0.00100535
0.00099322
0.00098980
0.00101233
0.00101065
0.00099249
0.00098803
0.00091077
0.00075419
0.00070167
0.00073960
0.00072521
0.00072945
0.00069875
0.00069463
0.00069953
0.00071214
0.00071629
0.00069615
0.00069796
0.00071422
0.00071774
0.00091856
0.00083109
0.00075994
0.00074206
0.00075600
0.00073637
0.00074920
0.00075770
0.00074303
0.00071633
0.00071647
0.00071354
0.00071592
0.00071244
0.00071510
0.00071388
0.00071443
0.00071390
0.00071353
0.00069671
0.00069470
0.00071492
0.00071387
0.00072474
0.00071528
0.00069662
0.00069446
0.00069912
0.00069698
0.00070076
0.00070038
0.00069871
0.00074067
0.00069986
0.00069649
0.00070393
0.00069677
0.00068154
0.00068061
0.00067992
0.00068056
0.00000000
0.00000000
0.00000000
0.00000000
0.00714763
0.00100446
0.00099919
0.00125371
0.00107603
0.00124569
0.00104744
0.00105471
0.00105972
0.00104381
0.00106539
0.00103910
0.00106754
0.00103866
0.00105041
0.00098984
0.00104827
0.00099298
0.00098280
0.00098798
0.00098341
0.00098788
0.00099206
0.00098737
0.00098992
0.00098090
0.00100331
0.00098962
0.00098658
0.00098621
0.00098122
0.00098588
0.00098004
0.00099629
0.00098257
0.00099042
0.00102414
0.00098880
0.00098086
0.00102796
0.00098362
0.00102579
0.00098769
0.00102868
0.00102909
0.00098286
0.00112087
0.00101657
0.00098082
0.00102630
0.00098308
0.00103399
0.00098241
0.00098477
0.00098057
0.00098350
0.00098568
0.00102802
0.00098544
0.00102584
0.00102415
0.00106805
0.00124978
0.00107235
0.00104591
0.00112143
0.00103529
0.00103882
0.00103439
0.00103968
0.00107018
0.00102938
0.00105888
0.00109393
0.00102401
0.00103272
0.00000000
0.00000000
0.00000000
0.00000000
0.00996373
0.00147553
0.00134649
0.00135696
0.00134620
0.00140411
0.00146243
0.00134813
0.00134359
0.00137779
0.00135446
0.00136749
0.00134690
0.00136470
0.00134130
0.00135421
0.00134909
0.00134373
0.00135065
0.00134492
0.00127081
0.00127557
0.00128561
0.00127956
0.00128086
0.00127541
0.00128614
0.00128376
0.00128207
0.00127740
0.00128036
0.00127685
0.00127761
0.00000000
0.00000000
0.00000000
0.00000000
0.00762316
0.00104679
0.00103233
0.00103335
0.00103101
0.00104494
0.00104092
0.00103285
0.00127716
0.00103235
0.00103414
0.00108364
0.00104158
0.00103245
0.00103047
0.00103306
0.00103783
0.00103160
0.00103784
0.00103369
0.00103356
0.00103211
0.00103100
0.00103963
0.00103133
0.00103492
0.00103439
0.00103117
0.00109958
0.00108602
0.00112655
0.00108376
0.00108293
0.00112833
0.00108536
0.00108712
0.00108648
0.00105885
0.00108206
0.00104483
0.00108369
0.00103337
0.00103251
0.00104039
0.00103207
0.00104089
0.00104107
0.00103627
0.00103074
0.00103823
0.00104297
0.00103069
0.00103192
0.00103736
0.00103269
0.00104085
0.00103336
0.00103931
0.00103185
0.00103355
0.00104199
0.00103763
0.00104000
0.00103588
0.00103114
0.00103308
0.00103314
0.00104396
0.00105709
0.00104181
0.00103598
0.00103537
0.00102979
0.00102981
0.00108087
0.00107721
0.00103539
0.00109115
0.00103281
0.00107171
0.00103275
0.00104291
0.00103164
0.00103436
