0.00796375
0.00123872
0.00121955
0.00121550
0.00125221
0.00124488
0.00126304
0.00121202
0.00122030
0.00128805
0.00126125
0.00121954
0.00121259
0.00122360
0.00121390
0.00121678
0.00121594
0.00122020
0.00127921
0.00125040
0.00124573
0.00125518
0.00124783
0.00125269
0.00121365
0.00127116
0.00124721
0.00125724
0.00124341
0.00121209
0.00127867
0.00126330
0.00124859
0.00124424
0.00128299
0.00126757
0.00120934
0.00131449
0.00127310
0.00120911
0.00125815
0.00128144
0.00129188
0.00131632
0.00127002
0.00127557
0.00126304
0.00132402
0.00126237
0.00124076
0.00124155
0.00129309
0.00128181
0.00126117
0.00130415
0.00130031
0.00125811
0.00128965
0.00126204
0.00128311
0.00127820
0.00124375
0.00128317
0.00128258
0.00126400
0.00129646
0.00129184
0.00126322
0.00127820
0.00129832
0.00126748
0.00129561
0.00130107
0.00126409
0.00129998
0.00127516
0.00127633
0.00129474
0.00127706
0.00127493
0.00127253
0.00127366
0.00128639
0.00125349
0.00129445
0.00125683
0.00124854
0.00126305
0.00125688
0.00125302
0.00128233
0.00125867
0.00124692
0.00126925
0.00125560
0.00122975
0.00000000
0.00000000
0.00000000
0.00000000
0.00857737
0.00134309
0.00134908
0.00140319
0.00137473
0.00136396
0.00136876
0.00135575
0.00135962
0.00136298
0.00139346
0.00134749
0.00139671
0.00137330
0.00134601
0.00143443
0.00137159
0.00133866
0.00136059
0.00134586
0.00134754
0.00138559
0.00132934
0.00131070
0.00141324
0.00151989
0.00143449
0.00140412
0.00136281
0.00136196
0.00139641
0.00140879
0.00142669
0.00136427
0.00139583
0.00143356
0.00141993
0.00141663
0.00141034
0.00142023
0.00146871
0.00149283
0.00149834
0.00150390
0.00151032
0.00150311
0.00148588
0.00157285
0.00154296
0.00153747
0.00156446
0.00155752
0.00155884
0.00156702
0.00155995
0.00154835
0.00153132
0.00158116
0.00154835
0.00155003
0.00155944
0.00155436
0.00154318
0.00154600
0.00163820
0.00162129
0.00156431
0.00158586
0.00158589
0.00158994
0.00159651
0.00159372
0.00156706
0.00153280
0.00159144
0.00156079
0.00155205
0.00160187
0.00156046
0.00154754
0.00153276
0.00157701
0.00153278
0.00154861
0.00154118
0.00157145
0.00152877
0.00155828
0.00155817
0.00155469
0.00154716
0.00155578
0.00154144
0.00153042
0.00160942
0.00160310
0.00158377
0.00162608
0.00160117
0.00160316
0.00159224
0.00162408
0.00157345
0.00161586
0.00159263
0.00161308
0.00161480
0.00162976
0.00159848
0.00161157
0.00162500
0.00161673
0.00160880
0.00163364
0.00160787
0.00161977
0.00162174
0.00334869
0.00162179
0.00161905
0.00161925
0.00162566
0.00161052
0.00163684
0.00162884
0.00160940
0.00156544
0.00151324
0.00146716
0.00142753
0.00138545
