0.00001141
0.00092639
0.00095602
0.00100836
0.00098722
0.00098196
0.00094056
0.00093880
0.00096839
0.00123276
0.00098082
0.00098753
0.00094260
0.00094096
0.00093940
0.00093869
0.00097814
0.00099290
0.00094972
0.00091428
0.00091229
0.00098813
0.00095556
0.00091380
0.00091366
0.00089115
0.00095747
0.00091226
0.00094605
0.00091460
0.00091315
0.00091728
0.00096418
0.00124404
0.00094289
0.00094625
0.00093782
0.00094339
0.00097919
0.00091425
0.00094206
0.00091392
0.00092265
0.00095594
0.00091414
0.00089021
0.00091259
0.00000000
0.00000000
0.00000000
0.00000000
0.00001017
0.00195218
0.00209054
0.00198954
0.00199267
0.00195054
0.00213883
0.00194221
0.00199972
0.00198476
0.00196043
0.00192704
0.00194265
0.00194584
0.00199917
0.00198438
0.00194332
0.00196855
0.00199413
0.00194848
0.00194659
0.00196784
0.00199897
0.00204573
0.00194748
0.00196319
0.00210616
0.00195073
0.00198233
0.00198644
0.00192727
0.00149572
0.00150463
0.00000000
0.00000000
0.00000000
0.00000000
0.00000985
0.00107723
0.00107560
0.00107489
0.00107586
0.00114728
0.00115397
0.00114744
0.00107388
0.00107487
0.00111924
0.00107522
0.00115702
0.00112559
0.00104775
0.00107453
0.00107006
0.00110303
0.00111600
0.00107941
0.00107506
0.00107885
0.00107661
0.00107596
0.00107989
0.00113150
0.00107571
0.00107697
0.00107472
0.00107403
0.00110142
0.00107987
0.00107521
0.00107606
0.00107625
0.00107486
0.00110519
0.00107444
0.00107538
0.00107501
0.00107490
0.00107964
0.00107959
0.00107370
0.00107446
0.00108895
0.00107573
0.00107800
0.00107770
0.00107579
0.00107460
0.00108690
0.00109178
0.00111604
0.00107992
0.00107582
0.00111273
0.00107516
0.00107570
0.00107497
0.00107989
0.00107506
0.00107573
0.00107688
0.00110010
0.00107977
0.00107870
0.00107438
0.00107601
0.00107455
0.00107521
0.00110262
0.00108601
0.00110441
0.00113521
0.00110238
0.00107633
0.00112066
0.00111833
0.00107513
0.00110298
0.00111697
0.00115425
0.00111596
0.00110624
0.00107518
0.00107493
0.00107983
0.00111931
0.00111724
0.00111467
0.00107568
0.00107557
0.00107473
0.00107456
0.00108100
0.00107458
0.00111148
0.00107646
0.00110011
0.00000000
0.00000000
0.00000000
0.00000000
0.00000968
0.00177605
0.00177787
0.00175442
0.00175548
0.00175416
0.00175633
0.00178533
0.00175784
0.00178039
0.00176781
0.00179819
0.00175662
0.00175610
0.00175918
0.00175622
0.00000000
0.00000000
0.00000000
0.00000000
0.00000888
0.00201086
0.00195371
0.00194574
0.00194586
0.00194440
0.00196360
0.00243456
0.00205897
0.00205486
0.00199810
0.00203084
0.00200207
0.00194303
0.00198459
0.00202540
