0.00030146
0.00107677
0.00024143
0.00024090
0.00023537
0.00024040
0.00025839
0.00024684
0.00023893
0.00030577
0.00025466
0.00024259
0.00046115
0.00024218
0.00133792
0.00023808
0.00024032
0.00028193
0.00023897
0.00027908
0.00034821
0.00024247
0.00024261
0.00029116
0.00023925
0.00045803
0.00028599
0.00023924
0.00024020
0.00028852
0.00113073
0.00028366
0.00045706
0.00023391
0.00023251
0.00023490
0.00027660
0.00191760
0.00023265
0.00023359
0.00023575
0.00023567
0.00043947
0.00023400
0.00023557
0.00023362
0.00023533
0.00066758
0.00024151
0.00087479
0.00044102
0.00025507
0.00024336
0.00024066
0.00023487
0.00025134
0.00023551
0.00024182
0.00024322
0.00276213
0.00022854
0.00049839
0.00023747
0.00087202
0.00023512
0.00085356
0.00023326
0.00071247
0.00024357
0.00024083
0.00028201
0.00024038
0.00045406
0.00022952
0.00068467
0.00023141
0.00023533
0.00273076
0.00227475
0.00023113
0.00025089
0.00023299
0.00023582
0.00045674
0.00023932
0.00024396
0.00024817
0.00024263
0.00028901
0.00028628
0.00024357
0.00024400
0.00066696
0.00023390
0.00070056
0.00024199
0.00027505
0.00068075
0.00024091
0.00044355
0.00048878
0.00023601
0.00023751
0.00023333
0.00023622
0.00064111
0.00023330
0.00023257
0.00023416
0.00023931
0.00023857
0.00023458
0.00065053
0.00043985
0.00023244
0.00046259
0.00023478
0.00023432
0.00024042
0.00024172
0.00064671
0.00023436
0.00023525
0.00023955
0.00024118
0.00024845
0.00023908
0.00024277
0.00023968
0.00023950
0.00024183
0.00024153
0.00024543
0.00024034
0.00023966
0.00030075
0.00023621
0.00089042
0.00104040
0.00022963
0.00023917
0.00085948
0.00217610
0.00023597
0.00025124
0.00025004
0.00153052
0.00027342
0.00023502
0.00023596
0.00024000
0.00025359
0.00023436
0.00045755
0.00026332
0.00025634
0.00046408
0.00023786
0.00024211
0.00045405
0.00066166
0.00028217
0.00024012
0.00023426
0.00029763
0.00023334
0.00023557
0.00024701
0.00173901
0.00049544
0.00062768
0.00064164
0.00023433
0.00044248
0.00023847
0.00045371
0.00066301
0.00024078
0.00024443
0.00045511
0.00045812
0.00063301
0.00069291
0.00023497
0.00066294
0.00045184
0.00066013
0.00025383
0.00023745
0.00064890
0.00087001
0.00045748
0.00045297
0.00024148
0.00194296
0.00023560
0.00023629
0.00023527
0.00023495
0.00193366
0.00000000
0.00000000
0.00000000
0.00000000
0.00035591
0.00039633
0.00099188
0.00066245
0.00132537
0.00068508
0.00234762
0.00034747
0.00034837
0.00068316
0.00133720
0.00133174
0.00133758
0.00097619
0.00191930
0.00099201
0.00134395
0.00133068
0.00102493
0.00164162
0.00128723
0.00135875
0.00196402
0.00082594
0.00000000
0.00000000
0.00000000
