0.00031832
0.00113104
0.00025490
0.00025359
0.00025368
0.00025219
0.00025411
0.00024515
0.00024581
0.00024739
0.00024696
0.00024569
0.00046571
0.00024372
0.00135788
0.00024452
0.00024477
0.00028770
0.00032296
0.00034473
0.00027561
0.00024900
0.00024652
0.00024520
0.00024503
0.00046431
0.00024776
0.00024537
0.00024668
0.00024508
0.00109678
0.00024584
0.00046130
0.00023745
0.00024095
0.00023751
0.00023856
0.00208626
0.00023870
0.00023852
0.00024016
0.00023852
0.00045113
0.00023800
0.00023836
0.00024105
0.00023944
0.00065893
0.00024240
0.00086218
0.00044829
0.00023957
0.00023881
0.00023191
0.00027739
0.00023253
0.00023817
0.00023457
0.00023285
0.00267220
0.00023209
0.00044419
0.00023221
0.00086559
0.00023567
0.00086436
0.00023284
0.00085083
0.00031762
0.00028624
0.00025009
0.00024057
0.00045668
0.00023881
0.00066890
0.00023991
0.00023720
0.00280089
0.00231506
0.00023807
0.00023904
0.00024113
0.00023819
0.00045906
0.00023362
0.00023357
0.00023863
0.00023923
0.00023882
0.00023837
0.00024594
0.00024007
0.00069992
0.00023854
0.00044911
0.00023916
0.00023863
0.00065591
0.00023855
0.00044820
0.00044843
0.00023692
0.00023816
0.00023812
0.00023809
0.00065655
0.00023861
0.00023846
0.00023891
0.00025487
0.00023742
0.00023846
0.00065453
0.00044904
0.00024038
0.00044785
0.00028086
0.00032020
0.00028524
0.00023899
0.00064612
0.00023380
0.00025545
0.00024522
0.00023740
0.00023818
0.00023927
0.00023820
0.00023680
0.00024067
0.00023917
0.00023788
0.00023824
0.00024031
0.00023898
0.00023805
0.00023777
0.00086205
0.00105759
0.00023823
0.00023910
0.00085692
0.00214121
0.00023387
0.00027586
0.00023380
0.00147954
0.00024111
0.00024020
0.00024006
0.00024068
0.00023921
0.00023864
0.00045118
0.00023822
0.00023721
0.00044986
0.00023746
0.00024433
0.00044855
0.00064931
0.00023621
0.00024087
0.00023832
0.00023843
0.00024073
0.00023897
0.00023881
0.00202186
0.00079979
0.00067799
0.00070857
0.00027751
0.00044780
0.00028463
0.00045009
0.00065547
0.00024086
0.00028020
0.00044839
0.00045090
0.00066245
0.00066181
0.00023366
0.00064209
0.00043861
0.00066332
0.00023084
0.00024017
0.00066340
0.00083735
0.00043693
0.00045214
0.00023797
0.00193574
0.00023374
0.00023654
0.00023517
0.00023562
0.00197881
0.00000000
0.00000000
0.00000000
0.00000000
0.00038975
0.00035359
0.00101255
0.00070179
0.00130828
0.00065933
0.00223675
0.00036013
0.00034929
0.00067530
0.00133902
0.00130738
0.00130819
0.00099328
0.00193531
0.00098855
0.00130448
0.00130896
0.00099155
0.00163172
0.00130338
0.00135605
0.00192350
0.00067396
0.00000000
0.00000000
0.00000000
