0.00041435
0.00044388
0.00044917
0.00045265
0.00045019
0.00045104
0.00043703
0.00044895
0.00057719
0.00057531
0.00065607
0.00046675
0.00045339
0.00045063
0.00043994
0.00133710
0.00128376
0.00108104
0.00278826
0.00174727
0.00169375
0.00043529
0.00163230
0.00130123
0.00129198
0.00130347
0.00134428
0.00134333
0.00084646
0.00133132
0.00172267
0.00084806
0.00086678
0.00043858
0.00045348
0.00044887
0.00043718
0.00057301
0.00043667
0.00045094
0.00045833
0.00129766
0.00085275
0.00126238
0.00126132
0.00132498
0.00128971
0.00132288
0.00086261
0.00044015
0.00130180
0.00129682
0.00129041
0.00083250
0.00043875
0.00130407
0.00044009
0.00125615
0.00086868
0.00086638
0.00090852
0.00181090
0.00101871
0.00089713
0.00093223
0.00084946
0.00043950
0.00045089
0.00087125
0.00048657
0.00044941
0.00044828
0.00045060
0.00050711
0.00043842
0.00043898
0.00043713
0.00043607
0.00044971
0.00045015
0.00045988
0.00044866
0.00174168
0.00125206
0.00043566
0.00125956
0.00084706
0.00051893
0.00087016
0.00044592
0.00045111
0.00170493
0.00044856
0.00092140
0.00060616
0.00256401
0.00050707
0.00085082
0.00084646
0.00043635
0.00044990
0.00129972
0.00044723
0.00049376
0.00044890
0.00045049
0.00129206
0.00175560
0.00125956
0.00043769
0.00043931
0.00044819
0.00046554
0.00045123
0.00044851
0.00044808
0.00045076
0.00045050
0.00044798
0.00044845
0.00044908
0.00045557
0.00045061
0.00045114
0.00045516
0.00044801
0.00045032
0.00045775
0.00045044
0.00048841
0.00044292
0.00043714
0.00046750
0.00044891
0.00044821
0.00045043
0.00044888
0.00045022
0.00044906
0.00045589
0.00166075
0.00044008
0.00043958
0.00047527
0.00045310
0.00044852
0.00044859
0.00045081
0.00045099
0.00045189
0.00087490
0.00044999
0.00095577
0.00090722
0.00085673
0.00043924
0.00043897
0.00046745
0.00091236
0.00044889
0.00045158
0.00087055
0.00048078
0.00045338
0.00043724
0.00043902
0.00043683
0.00221967
0.00457037
0.00131745
0.00165778
0.00129871
0.00205733
0.00246179
0.00047739
0.00084862
0.00084610
0.00088392
0.00130783
0.00086323
0.00043812
0.00045922
0.00044970
0.00045082
0.00045147
0.00088005
0.00047348
0.00043967
0.00166145
0.00047329
0.00129243
0.00045207
0.00045140
0.00045127
0.00056026
0.00059247
0.00045353
0.00044438
0.00085244
0.00085043
0.00044014
0.00044853
0.00045251
0.00045047
0.00044848
0.00045157
0.00045006
0.00045058
0.00045022
0.00129220
0.00044842
0.00045024
0.00045024
0.00045235
0.00058953
0.00122092
0.00044838
0.00045551
0.00045420
0.00045096
0.00045149
0.00045116
0.00045116
0.00049233
0.00045138
0.00044766
0.00049210
0.00043843
0.00130478
0.00206272
0.00245817
0.00413371
0.00532389
0.00246795
0.00045526
0.00045067
0.00045123
0.00046712
0.00044924
0.00044884
0.00045111
0.00045102
0.00045381
0.00129269
0.00045652
0.00087477
0.00045104
0.00170729
0.00044947
0.00128795
0.00048123
0.00044437
0.00085236
0.00043786
0.00091121
0.00045085
0.00045080
0.00045207
0.00044985
0.00129556
0.00087086
0.00086750
0.00044847
0.00087258
0.00143061
0.00043158
0.00054926
0.00045672
0.00046391
0.00047979
0.00043884
0.00045945
0.00056178
0.00045151
0.00045268
0.00044957
0.00045161
0.00044999
0.00087380
0.00042832
0.00043729
0.00043733
0.00043753
0.00047328
0.00045163
0.00044741
0.00045029
0.00044857
0.00045082
0.00047647
0.00044995
0.00045060
0.00049212
0.00044943
0.00045114
0.00049486
0.00044786
0.00045149
0.00045464
0.00042800
0.00043837
0.00247359
0.00042590
0.00044011
0.00043717
0.00044958
0.00045119
0.00047260
0.00044825
0.00049279
0.00045668
0.00045394
0.00050940
0.00048097
0.00043932
0.00044044
0.00090279
0.00044971
0.00045233
0.00044803
0.00045160
0.00045031
0.00045030
0.00044844
0.00044783
0.00044932
0.00044829
0.00044933
0.00044914
0.00044971
0.00044938
0.00044896
0.00044833
0.00045147
0.00044865
0.00044771
0.00044995
0.00044960
0.00044835
0.00044862
0.00044983
0.00220328
0.00129718
0.00084434
0.00165080
0.00124900
0.00128913
0.00084435
0.00165788
0.00256091
0.00044889
0.00044943
0.00045168
0.00045102
0.00044942
0.00216490
0.00048863
0.00048177
0.00043837
0.00044079
0.00047871
0.00045005
0.00045066
0.00045827
0.00044756
0.00044810
0.00045044
0.00044768
0.00044851
0.00128609
0.00048399
0.00085383
0.00124904
0.00085020
0.00043720
0.00046043
0.00087343
0.00044866
0.00044913
0.00087297
0.00128449
0.00089181
0.00043731
0.00046770
0.00046411
0.00045074
0.00087682
0.00044917
0.00044002
0.00087443
0.00043751
0.00047909
0.00044008
0.00088452
0.00043719
0.00046273
0.00044979
0.00044901
0.00044890
0.00044976
0.00045026
0.00044790
0.00044868
0.00045225
0.00045046
0.00044826
0.00212309
0.00218069
0.00130091
0.00044026
0.00043628
0.00043801
0.00043705
0.00045864
0.00046281
