0.00028661
0.00026673
0.00025978
0.00026557
0.00025877
0.00026381
0.00025709
0.00026359
0.00026383
0.00025802
0.00071944
0.00048948
0.00028490
0.00026584
0.00051581
0.00050149
0.00026637
0.00049824
0.00026451
0.00026694
0.00025825
0.00025840
0.00025825
0.00034826
0.00035526
0.00033189
0.00098511
0.00051590
0.00051819
0.00051700
0.00027149
0.00027247
0.00051813
0.00051345
0.00127300
0.00027087
0.00051762
0.00079410
0.00058309
0.00051286
0.00027117
0.00052203
0.00076120
0.00055492
0.00051280
0.00051272
0.00026955
0.00051753
0.00027283
0.00027112
0.00074048
0.00048732
0.00025688
0.00048816
0.00025620
0.00025792
0.00025654
0.00025915
0.00025745
0.00025639
0.00025744
0.00071497
0.00071621
0.00056609
0.00071220
0.00053208
0.00049756
0.00048856
0.00025743
0.00048931
0.00025874
0.00025873
0.00049989
0.00025961
0.00094113
0.00102369
0.00094052
0.00093835
0.00025856
0.00138571
0.00026607
0.00025901
0.00026488
0.00025850
0.00051691
0.00049110
0.00049076
0.00076965
0.00050132
0.00077582
0.00050496
0.00073031
0.00098805
0.00025980
0.00074392
0.00071482
0.00049089
0.00053872
0.00050389
0.00050650
0.00025941
0.00025914
0.00026515
0.00026570
0.00119443
0.00073513
0.00073646
0.00071763
0.00049575
0.00049053
0.00093628
0.00094311
0.00048936
0.00048778
0.00071411
0.00050648
0.00027053
0.00025847
0.00025927
0.00050478
0.00052631
0.00073519
0.00050865
0.00053278
0.00049256
0.00049584
0.00094436
0.00025887
0.00050647
0.00049989
0.00050108
0.00073330
0.00050048
0.00054645
0.00053944
0.00025592
0.00076181
0.00053499
0.00048955
0.00025790
0.00025799
0.00026010
0.00027560
0.00026623
0.00026646
0.00030205
0.00026713
0.00050392
0.00026570
0.00073670
0.00073646
0.00076683
0.00049186
0.00049148
0.00049938
0.00025838
0.00049211
0.00049253
0.00025933
0.00025828
0.00026576
0.00050507
0.00050379
0.00026561
0.00050070
0.00049682
0.00026408
0.00026955
0.00026610
0.00050084
0.00055648
0.00049170
0.00025907
0.00048770
0.00048787
0.00048971
0.00072223
0.00048792
0.00073092
0.00050461
0.00073027
0.00073123
0.00053243
0.00071194
0.00025846
0.00058007
0.00053618
0.00050277
0.00026475
0.00026503
0.00026417
0.00026944
0.00026411
0.00026512
0.00026567
0.00026381
0.00026211
0.00026505
0.00026468
0.00050353
0.00049089
0.00053099
0.00048797
0.00071238
0.00027547
0.00025923
0.00048971
0.00026496
0.00030761
0.00026379
0.00026329
0.00026478
0.00050233
0.00026415
0.00050166
0.00050013
0.00025723
0.00025761
0.00025864
0.00025685
0.00025705
0.00049985
0.00141795
0.00053771
0.00235361
0.00076042
0.00051449
0.00071584
0.00071632
0.00071468
0.00094115
0.00048911
0.00048619
0.00116188
0.00115587
0.00094022
0.00048993
0.00027589
0.00026544
0.00026599
0.00025916
0.00048912
0.00072489
0.00050216
0.00095935
0.00096228
0.00096087
0.00071598
0.00071362
0.00098966
0.00094000
0.00093612
0.00025907
0.00025867
0.00073248
0.00096425
0.00071247
0.00071870
0.00071088
0.00093450
0.00096480
0.00072760
0.00050593
0.00095920
0.00057600
0.00064235
0.00074857
0.00051328
0.00049987
0.00053946
0.00119364
0.00096426
0.00096770
0.00053119
0.00071256
0.00073198
0.00071294
0.00097272
0.00093471
0.00070803
0.00074007
0.00070826
0.00097796
0.00071069
0.00070949
0.00048252
0.00051035
0.00077134
0.00050320
0.00050179
0.00049996
0.00050113
0.00096028
0.00050875
0.00050142
0.00073092
0.00049182
0.00075552
0.00093473
0.00094116
0.00025670
0.00077337
0.00050169
