0.00068865
0.00046172
0.00028116
0.00113807
0.00178751
0.00055213
0.00091304
0.00025661
0.00026480
0.00025913
0.00086576
0.00024224
0.00024317
0.00024592
0.00030391
0.00067194
0.00151504
0.00039936
0.00151072
0.00027869
0.00024515
0.00024438
0.00025129
0.00024541
0.00024887
0.00024999
0.00066604
0.00078001
0.00034202
0.00029021
0.00026966
0.00030010
0.00025108
0.00025152
0.00024784
0.00024701
0.00046252
0.00066017
0.00050152
0.00024947
0.00024667
0.00024684
0.00024648
0.00024774
0.00024398
0.00024615
0.00024608
0.00025207
0.00024630
0.00024545
0.00045962
0.00066914
0.00049262
0.00048506
0.00045938
0.00046142
0.00025084
0.00029319
0.00024734
0.00024718
0.00026211
0.00024307
0.00046253
0.00024912
0.00024554
0.00066511
0.00027283
0.00026799
0.00046835
0.00026654
0.00110006
0.00040785
0.00025113
0.00051093
0.00033990
0.00034272
0.00025897
0.00071554
0.00026681
0.00026729
0.00091125
0.00082472
0.00024768
0.00051793
0.00028776
0.00024827
0.00024748
0.00024707
0.00024643
0.00128488
0.00024619
0.00024518
0.00024618
0.00024369
0.00025203
0.00028421
0.00112244
0.00087120
0.00039903
0.00024908
0.00045797
0.00024340
0.00046188
0.00024725
0.00066844
0.00047872
0.00045713
0.00024525
0.00026814
0.00047603
0.00092802
0.00067179
0.00086313
0.00025046
0.00090024
0.00086036
0.00068535
0.00024987
0.00000000
0.00000000
0.00000000
0.00000000
0.00029430
0.00066644
0.00024384
0.00024615
0.00090062
0.00060405
0.00024662
0.00112131
0.00066195
0.00024693
0.00024423
0.00024604
0.00053138
0.00049761
0.00088717
0.00046637
0.00024689
0.00025776
0.00072331
0.00039452
0.00028590
0.00068747
0.00127944
0.00125899
0.00024650
0.00029144
0.00046866
0.00087171
0.00070191
0.00024700
0.00157439
0.00046360
0.00048720
0.00027481
0.00025128
0.00025568
0.00025291
0.00025962
0.00024817
0.00028903
0.00046521
0.00025279
0.00024837
0.00066870
0.00147911
0.00087198
0.00000000
0.00000000
0.00000000
0.00000000
0.00029804
0.00121890
0.00066298
0.00025710
0.00067175
0.00024597
0.00025221
0.00025075
0.00025213
0.00025189
0.00089849
0.00050114
0.00045831
0.00088352
0.00024493
0.00026744
0.00024936
0.00025336
0.00047297
0.00045521
0.00066870
0.00024616
0.00024528
0.00025237
0.00025396
0.00025469
0.00028832
0.00024724
0.00026473
0.00068355
0.00073016
0.00047428
0.00092352
0.00045803
0.00025245
0.00045710
0.00069768
0.00025614
0.00025426
0.00048475
0.00045053
0.00030090
0.00027107
0.00052324
0.00026343
0.00025198
0.00025322
0.00107870
0.00040293
0.00046537
0.00024786
0.00024818
0.00024610
0.00025036
0.00029812
0.00025023
0.00024640
0.00047880
0.00024889
0.00024790
0.00049625
0.00039613
0.00024807
0.00047297
0.00193211
0.00024521
0.00000000
0.00000000
0.00000000
0.00000000
0.00033663
0.00066602
0.00047446
0.00028538
0.00025107
0.00177802
0.00087504
0.00024585
0.00033074
0.00082998
0.00064892
0.00069142
0.00050623
0.00045913
0.00086981
0.00024407
0.00025316
0.00047435
0.00069490
0.00072742
0.00066547
0.00024500
0.00025173
0.00068928
0.00113175
0.00066568
0.00047325
0.00066288
0.00110280
0.00066669
0.00048267
0.00192298
0.00155252
0.00040121
0.00095646
0.00025721
0.00025112
0.00030496
0.00024442
0.00026705
0.00025625
0.00024639
0.00024720
0.00046167
0.00025312
0.00025215
0.00050428
0.00024800
0.00214155
0.00040492
0.00024747
0.00048657
0.00025026
0.00025487
0.00031393
0.00050610
0.00294587
0.00024243
0.00089222
0.00083949
0.00068036
0.00068485
0.00068359
0.00131554
0.00067729
0.00147671
0.00087007
0.00068828
0.00047314
0.00046819
0.00101432
0.00024722
0.00027770
0.00048100
0.00024543
0.00046610
0.00025135
0.00047045
0.00046480
0.00024437
0.00025002
0.00068705
0.00024876
0.00066379
0.00049198
0.00050496
0.00025122
0.00094504
0.00082326
0.00132138
0.00159455
0.00039418
0.00097178
0.00026368
0.00029692
0.00086584
0.00046067
0.00046969
0.00046465
0.00068099
0.00047707
0.00088828
0.00000000
0.00000000
0.00000000
0.00000000
0.00036304
0.00029599
