0.00631760
0.00076121
0.00071028
0.00071270
0.00071476
0.00069027
0.00073039
0.00068965
0.00068904
0.00069152
0.00067352
0.00067314
0.00071339
0.00069578
0.00070507
0.00076891
0.00078088
0.00073492
0.00078685
0.00075238
0.00076153
0.00072730
0.00073896
0.00075733
0.00073257
0.00073140
0.00073127
0.00072683
0.00071063
0.00070965
0.00071532
0.00070767
0.00071315
0.00071279
0.00071397
0.00070976
0.00071173
0.00070798
0.00070876
0.00071180
0.00071105
0.00070325
0.00071105
0.00071018
0.00067586
0.00067449
0.00067476
0.00069355
0.00069948
0.00069282
0.00070028
0.00071106
0.00069645
0.00069387
0.00078920
0.00075453
0.00071764
0.00077094
0.00071576
0.00079966
0.00071461
0.00072253
0.00071789
0.00071862
0.00070680
0.00068520
0.00000000
0.00000000
0.00000000
0.00000000
0.00744561
0.00103714
0.00105248
0.00108741
0.00103078
0.00105463
0.00104692
0.00103260
0.00107492
0.00103335
0.00103741
0.00102970
0.00103424
0.00103055
0.00103108
0.00103583
0.00102325
0.00105208
0.00103185
0.00103036
0.00107563
0.00103776
0.00103369
0.00103669
0.00103073
0.00111151
0.00100230
0.00101025
0.00102746
0.00103539
0.00103408
0.00100395
0.00100483
0.00105525
0.00103048
0.00107207
0.00106998
0.00122763
0.00100870
0.00100796
0.00106230
0.00102817
0.00103048
0.00103061
0.00109149
0.00108483
0.00105876
0.00108733
0.00104348
0.00100046
0.00106104
0.00103466
0.00106890
0.00103082
0.00102659
0.00104993
0.00105038
0.00101019
0.00102761
0.00103368
0.00102464
0.00103124
0.00106781
0.00097970
0.00100216
0.00101007
0.00102906
0.00108144
0.00102704
0.00102950
0.00102929
0.00103137
0.00112529
0.00098053
0.00100662
0.00104491
0.00000000
0.00000000
0.00000000
0.00000000
0.00986594
0.00146993
0.00140613
0.00138859
0.00135064
0.00139182
0.00134457
0.00134948
0.00134823
0.00135272
0.00135022
0.00140211
0.00134279
0.00134743
0.00135126
0.00138817
0.00134310
0.00134825
0.00136252
0.00140539
0.00134204
0.00134940
0.00134896
0.00137093
0.00138815
0.00138396
0.00135580
0.00140102
0.00142310
0.00143924
0.00140636
0.00134773
0.00134751
0.00000000
0.00000000
0.00000000
0.00000000
0.00802441
0.00115874
0.00112944
0.00110774
0.00109351
0.00109947
0.00109046
0.00109420
0.00117135
0.00108955
0.00109868
0.00108833
0.00108832
0.00109588
0.00108999
0.00109118
0.00113563
0.00109152
0.00119099
0.00109349
0.00113847
0.00119113
0.00106514
0.00106536
0.00114385
0.00109418
0.00114346
0.00113313
0.00109457
0.00113646
0.00109204
0.00109479
0.00108674
0.00109289
0.00113824
0.00109171
0.00109130
0.00106329
0.00111219
0.00109948
0.00109425
0.00115090
0.00107655
0.00114175
0.00113460
0.00108955
0.00109235
0.00113540
0.00114756
0.00109759
0.00109284
0.00109274
0.00109967
0.00109204
0.00114584
0.00107013
0.00113376
0.00109523
0.00109620
0.00109333
0.00113624
0.00109272
0.00109252
0.00109343
0.00109173
0.00109806
0.00109281
0.00109125
0.00113786
0.00109083
0.00114612
0.00109380
0.00109291
0.00109960
0.00109250
0.00110712
0.00115085
0.00109680
0.00114641
0.00109328
0.00109319
0.00109134
0.00109903
0.00118054
