0.00042944
0.00042916
0.00044409
0.00125445
0.00082874
0.00124504
0.00211640
0.00263378
0.00250931
0.00125275
0.00125815
0.00262095
0.00218737
0.00207587
0.00125468
0.00043833
0.00043782
0.00043718
0.00043592
0.00165943
0.00167555
0.00047215
0.00043787
0.00166444
0.00044102
0.00085077
0.00043737
0.00043762
0.00125548
0.00284204
0.00245576
0.00202116
0.00082556
0.00087615
0.00042691
0.00045099
0.00042918
0.00042580
0.00083784
0.00080577
0.00082315
0.00041801
0.00126524
0.00205743
0.00120733
0.00121031
0.00082725
0.00121459
0.00082011
0.00044524
0.00122216
0.00238509
0.00042629
0.00046174
0.00137014
0.00130355
0.00168673
0.00130490
0.00190023
0.00169860
0.00168017
0.00164984
0.00411663
0.00086772
0.00086601
0.00042541
0.00042641
0.00042543
0.00042524
0.00043485
0.00080587
0.00047542
0.00042629
0.00043634
0.00169845
0.00246285
0.00045097
0.00042546
0.00042703
0.00042622
0.00043576
0.00043798
0.00163948
0.00082423
0.00042312
0.00045072
0.00042377
0.00042166
0.00045737
0.00042911
0.00043916
0.00126181
0.00295838
0.00399278
0.00201953
0.00042556
0.00042804
0.00042821
0.00044023
0.00043682
0.00044126
0.00044010
0.00044316
0.00043849
0.00044069
0.00042086
0.00042781
0.00042755
0.00122921
0.00042538
0.00087406
0.00043565
0.00212675
0.00042854
0.00042639
0.00043761
0.00043096
0.00043014
0.00042836
0.00043818
0.00044630
0.00043777
0.00043875
0.00044241
0.00044368
0.00043842
0.00043881
0.00049077
0.00042977
0.00042533
0.00083041
0.00043390
0.00042608
0.00042632
0.00046351
0.00043764
0.00044130
0.00044370
0.00087563
0.00083295
0.00122088
0.00042447
0.00042867
0.00044851
0.00043824
0.00043840
0.00044090
0.00048971
0.00791464
0.00240032
0.00239493
0.00119311
0.00042031
0.00042022
0.00041756
0.00202388
0.00043260
0.00358319
0.00123743
0.00042963
0.00206743
0.00122386
0.00042696
0.00044496
0.00042654
0.00042833
0.00044655
0.00044031
0.00382400
0.00126777
0.00048039
0.00082732
0.00042767
0.00124580
0.00160212
0.00042737
0.00042501
0.00089921
0.00084436
0.00042747
0.00126923
0.00082761
0.00122248
0.00160997
0.00121892
0.00123046
0.00238756
0.00082558
0.00165263
0.00082088
0.00123055
0.00125400
0.00043255
0.00042727
0.00044312
0.00122335
0.00160831
0.00121825
0.00248451
0.00264734
0.00043768
0.00249008
0.00137102
0.00200524
0.00168426
0.00380506
0.00091557
0.00206173
0.00043941
0.00125690
0.00043658
0.00044010
0.00042518
0.00086888
0.00043028
0.00047623
0.00043339
0.00042926
0.00043458
0.00042892
0.00042774
0.00083646
0.00122450
0.00162867
0.00162039
0.00082750
0.00082513
0.00044339
0.00200335
0.00200214
0.00201154
0.00200679
0.00166601
0.00042510
0.00081997
0.00166186
0.00160371
0.00197981
0.00165351
0.00121870
0.00165270
0.00205455
0.00160759
0.00043208
0.00051146
0.00126493
0.00806417
0.00242587
0.00042538
0.00048888
0.00042519
0.00125798
0.00121489
0.00160786
0.00121457
0.00123296
0.00125031
0.00108908
0.00041615
0.00047164
0.00165777
0.00125167
0.00161438
0.00122690
0.00163813
0.00084298
0.00084774
0.00084217
0.00084292
0.00121997
0.00042367
0.00042724
0.00042328
0.00082831
0.00042598
0.00043582
0.00289059
0.00121567
0.00121612
0.00198474
0.00124900
0.00334007
0.00121522
0.00121278
0.00084568
0.00121188
0.00203717
0.00128191
0.00043754
0.00204269
0.00163956
0.00167653
0.00237599
0.00121233
0.00084909
0.00084398
0.00124743
0.00163724
0.00249995
0.00241943
0.00356593
0.00203867
0.00202947
0.00198863
0.00198672
0.00126465
0.00043191
0.00404585
0.00315057
0.00276443
0.00160837
0.00161110
0.00205257
0.00205543
0.00125389
0.00043753
0.00169835
0.00087484
0.00122522
0.00123415
0.00166697
0.00126475
0.00088353
0.00129707
0.00085064
0.00048494
0.00000000
0.00000000
0.00000000
0.00000000
0.00048864
0.00049720
0.00051484
0.00100807
0.00051632
0.00155172
0.00050696
0.00049989
0.00099671
0.00097007
0.00100404
0.00051280
0.00051456
0.00056067
0.00060514
0.00053686
0.00051387
0.00105897
0.00051982
0.00202081
0.00248931
0.00254040
0.00194582
0.00147803
0.00190129
0.00194563
0.00190451
0.00143813
0.00244509
0.00282287
0.00190048
0.00052437
0.00051349
0.00147146
0.00190743
0.00096741
0.00148129
0.00191336
0.00195606
0.00246122
0.00148479
0.00148532
0.00049803
0.00050095
0.00051336
0.00195675
0.00099478
0.00099610
0.00101502
0.00100972
0.00198827
0.00100175
0.00147290
0.00056130
0.00195253
0.00189406
0.00199071
0.00194937
0.00195129
0.00194907
0.00049852
0.00144857
0.00099493
0.00195145
0.00049957
0.00199201
0.00051353
0.00151669
0.00283595
0.00049907
0.00151852
0.00099692
0.00147785
0.00147680
0.00190452
0.00096687
0.00052525
0.00100141
0.00099703
0.00105056
0.00098953
0.00152679
0.00147301
0.00148903
0.00104259
0.00097238
0.00097107
0.00143670
0.00151500
0.00099849
0.00147416
0.00151330
0.00050152
0.00104215
0.00145525
0.00101908
0.00147790
0.00100309
0.00100134
0.00180114
0.00101846
0.00150599
0.00148735
0.00097528
0.00144044
0.00150347
0.00049878
0.00101117
0.00051373
0.00148709
0.00240921
0.00145520
0.00147976
0.00147319
0.00055265
0.00099745
0.00051428
0.00100142
0.00148706
0.00101396
0.00148367
0.00149063
0.00099938
0.00149468
0.00097590
0.00100483
0.00052901
0.00100021
0.00104371
0.00148777
0.00104765
0.00053027
0.00097349
0.00050062
0.00393226
0.00241055
0.00147972
0.00147993
0.00147599
0.00196784
0.00200584
0.00198540
0.00151985
0.00152725
0.00151038
0.00102024
0.00050113
0.00053063
0.00099818
0.00148520
0.00053088
0.00054090
0.00050268
0.00053561
0.00051728
0.00148392
0.00147403
0.00104996
0.00190808
0.00148722
0.00148470
0.00099976
0.00100073
0.00148757
0.00199181
0.00149414
0.00286890
0.00097134
0.00051545
0.00052473
0.00104303
0.00195932
0.00244028
0.00144059
0.00298081
0.00152498
0.00103710
0.00241965
0.00101289
0.00149955
0.00153101
0.00100918
0.00208760
0.00102054
0.00195076
0.00246040
0.00241747
0.00197441
0.00151856
0.00242967
0.00051302
0.00151406
0.00147354
0.00147131
0.00054826
0.00051250
0.00101737
0.00147723
0.00156657
0.00194973
0.00190921
0.00151073
0.00147599
0.00193171
0.00050324
0.00050828
0.00052600
0.00051264
0.00051238
0.00051805
0.00201671
0.00252689
0.00148444
0.00237063
0.00049867
0.00391461
0.00189567
0.00196801
0.00051689
0.00198913
0.00054051
0.00050043
0.00152137
0.00051335
0.00104262
0.00147839
0.00150970
0.00191310
0.00097046
0.00099403
0.00051248
0.00147768
0.00241144
0.00190401
0.00198216
0.00295488
0.00148910
0.00097068
0.00147664
0.00148690
0.00099765
0.00152474
0.00149351
0.00102281
0.00241084
0.00249370
0.00109354
0.00147317
0.00145360
0.00199372
0.00194122
0.00096969
0.00102980
0.00099485
0.00243625
0.00158798
0.00185237
0.00102419
0.00207425
0.00195938
0.00251195
0.00051022
0.00147168
0.00147595
0.00103484
0.00146899
0.00054255
0.00053157
0.00052874
0.00151658
0.00102304
0.00104172
0.00205871
0.00104635
0.00052156
0.00105249
0.00053755
0.00053769
0.00155871
0.00113203
0.00113356
0.00156829
0.00150345
0.00050107
0.00152549
0.00147897
0.00147592
0.00165149
0.00157478
0.00152037
0.00100980
0.00049870
0.00049750
0.00099738
0.00050115
0.00151554
0.00097057
0.00051805
0.00100821
0.00479594
0.00051581
0.00051706
0.00386331
0.00206137
0.00052424
0.00104492
0.00345041
0.00101350
0.00241725
0.00195791
0.00243449
0.00149561
0.00242297
0.00199934
0.00148133
0.00194828
0.00152312
0.00100028
0.00051247
0.00100009
0.00249713
0.00241464
0.00292855
0.00247539
0.00099575
0.00201426
0.00148348
0.00291275
0.00342631
0.00147197
0.00104027
0.00099277
0.00147823
0.00195363
0.00147301
0.00126380
0.00153190
0.00097577
0.00051199
0.00051186
0.00050951
0.00195618
0.00055175
0.00148811
0.00102416
0.00049852
0.00190953
0.00101494
0.00147385
0.00051037
0.00337852
0.00194674
0.00189548
0.00051953
0.00150865
0.00100352
0.00051122
0.00195132
0.00200424
0.00051392
0.00342154
0.00056060
0.00148385
0.00150596
0.00051060
0.00194804
0.00054401
0.00294534
0.00104726
0.00103376
0.00296013
0.00147400
0.00147540
0.00151158
0.00051251
0.00049520
0.00147638
0.00053312
0.00578673
0.00050304
0.00149379
0.00102176
0.00099306
0.00195075
0.00104297
0.00195121
0.00195882
0.00195429
0.00200531
0.00101329
0.00050105
0.00102093
0.00099669
0.00195473
0.00147427
0.00051478
0.00147300
0.00149974
0.00097310
0.00148483
0.00244855
0.00155973
0.00147407
0.00148141
0.00199502
0.00106243
0.00195695
0.00103988
0.00098116
0.00054061
0.00051347
0.00107613
0.00194920
0.00241625
0.00214978
0.00101611
0.00102824
0.00251819
0.00050059
0.00196736
0.00099556
0.00195308
0.00148624
0.00053002
0.00053131
0.00100445
0.00147646
0.00148821
0.00200277
0.00194783
0.00147888
0.00246644
0.00055715
0.00052472
0.00103632
0.00147284
0.00051098
0.00099617
0.00051086
0.00051122
