0.00001403
0.00384911
0.00392765
0.00383501
0.00383854
0.00384684
0.00426744
0.00386322
0.00383843
0.00421171
0.00383463
0.00384476
0.00383975
0.00384493
0.00391401
0.00384061
0.00384736
0.00383747
0.00383527
0.00383743
0.00383492
0.00383848
0.00383137
0.00383951
0.00384260
0.00383735
0.00391194
0.00396554
0.00396094
0.00397457
0.00395907
0.00378539
0.00377214
0.00371017
0.00329090
0.00325597
0.00322682
0.00328237
0.00327256
0.00000000
0.00000000
0.00000000
0.00000000
0.00001231
0.00250868
0.00251538
0.00231499
0.00231484
0.00231658
0.00230687
0.00230991
0.00230695
0.00230698
0.00231386
0.00231269
0.00231353
0.00231583
0.00231398
0.00231149
0.00230583
0.00230932
0.00000000
0.00000000
0.00000000
0.00000000
0.00001049
0.00303429
0.00303104
0.00303000
0.00303777
0.00304354
0.00303386
0.00304761
0.00301507
0.00300563
0.00301229
0.00260025
0.00259076
0.00256885
0.00254290
0.00254463
0.00251794
0.00249985
0.00272141
0.00271839
0.00272033
0.00000000
0.00000000
0.00000000
0.00000000
0.00001177
0.00104055
0.00105438
0.00103917
0.00104352
0.00103967
0.00103810
0.00103847
0.00103770
0.00104467
0.00103697
0.00103871
0.00103662
0.00103831
0.00104180
0.00103841
0.00000000
0.00000000
0.00000000
0.00000000
0.00001072
0.00080715
0.00080524
0.00080480
0.00081264
0.00080569
0.00102884
0.00080602
0.00081415
0.00080556
0.00080916
0.00080503
0.00080530
0.00080460
0.00080626
0.00080389
0.00080840
0.00080464
0.00080628
0.00080372
0.00080632
0.00080868
0.00080481
0.00081210
0.00080572
0.00080944
0.00080564
0.00081082
0.00080483
0.00080486
0.00080610
0.00080452
0.00080604
0.00080447
0.00080429
0.00080516
0.00080550
0.00080424
0.00080395
0.00080383
0.00000000
0.00000000
0.00000000
0.00000000
0.00001030
0.00089332
0.00088984
0.00090538
0.00089573
0.00089054
0.00089965
0.00089169
0.00089359
0.00089130
0.00089031
0.00088936
0.00088977
0.00000000
0.00000000
0.00000000
0.00000000
0.00000974
0.00090833
0.00091354
0.00090684
0.00090644
0.00090564
0.00090611
0.00090755
0.00091106
0.00090578
0.00091093
0.00090885
0.00091452
0.00000000
0.00000000
0.00000000
0.00000000
0.00000980
0.00120533
0.00119888
0.00119731
0.00119799
0.00120198
0.00122739
0.00121506
0.00120268
0.00119747
0.00119957
0.00120519
0.00119739
0.00120451
0.00120074
0.00119581
0.00120383
0.00119965
0.00120534
0.00098570
0.00107400
0.00105060
0.00104948
0.00102595
0.00101478
0.00101101
0.00093383
0.00101636
0.00100123
0.00120483
0.00117980
0.00118410
0.00120157
0.00120617
0.00158227
0.00120377
0.00120755
0.00119893
0.00099390
0.00099258
0.00099517
0.00099305
0.00099321
