0.00001158
0.00327525
0.00295528
0.00302418
0.00301813
0.00300660
0.00300890
0.00348288
0.00323915
0.00343817
0.00312961
0.00304918
0.00304581
0.00305136
0.00319195
0.00297499
0.00301495
0.00305711
0.00311594
0.00298110
0.00296952
0.00298918
0.00308229
0.00297211
0.00299616
0.00297025
0.00302938
0.00297025
0.00309930
0.00326652
0.00327080
0.00346060
0.00309670
0.00303987
0.00300555
0.00307463
0.00301298
0.00301163
0.00298756
0.00292898
0.00285646
0.00307145
0.00290533
0.00293512
0.00293217
0.00302832
0.00304938
0.00304081
0.00301997
0.00300357
0.00299769
0.00292888
0.00296309
0.00310194
0.00299558
0.00302294
0.00305040
0.00304854
0.00301426
0.00305553
0.00320555
0.00305783
0.00303336
0.00290777
0.00295329
0.00294509
0.00297560
0.00302518
0.00302166
0.00297047
0.00306392
0.00300511
0.00303309
0.00294027
0.00293329
0.00302178
0.00302272
0.00304810
0.00311549
0.00303527
0.00301226
0.00332536
0.00300656
0.00320837
0.00313405
0.00300568
0.00306849
0.00304620
0.00300831
0.00310054
0.00304263
0.00301821
0.00302656
0.00297146
0.00300528
0.00300367
0.00295568
0.00292864
0.00299574
0.00304527
0.00298386
0.00302426
0.00297302
0.00301550
0.00312688
0.00299192
0.00297282
0.00298244
0.00306448
0.00314090
0.00302735
0.00310307
0.00306937
0.00303994
0.00304216
0.00310086
0.00304454
0.00364382
0.00318047
0.00309965
0.00316369
0.00312964
0.00313615
0.00300586
0.00309501
0.00305763
0.00303181
0.00289760
0.00358938
0.00299414
0.00239909
0.00000000
0.00000000
0.00000000
0.00000000
0.00007107
0.00411094
0.00358224
0.00319064
0.00325485
0.00319443
0.00312930
0.00301520
0.00313795
0.00304925
0.00310430
0.00305048
0.00310500
0.00301458
0.00327835
0.00310276
0.00287694
0.00311670
0.00286653
0.00314904
0.00278749
0.00307250
0.00358561
0.00303831
0.00306779
0.00305380
0.00308687
0.00357467
0.00352518
0.00363195
0.00347900
0.00317862
0.00310227
0.00312355
0.00297636
0.00298717
0.00298006
0.00306785
0.00304132
0.00313681
0.00348540
0.00376466
0.00348982
0.00353327
0.00347274
0.00362090
0.00364386
0.00322304
0.00326743
0.00319940
0.00311020
0.00315156
0.00322755
0.00309800
0.00304731
0.00347470
0.00357697
0.00355981
0.00345787
0.00352875
0.00349942
0.00349562
0.00313321
0.00281535
0.00313876
0.00280758
0.00308989
0.00291443
0.00316157
0.00299893
0.00313664
0.00305323
0.00294572
0.00315599
0.00360576
0.00313358
0.00346489
0.00369042
0.00345574
0.00352613
0.00308116
0.00308829
0.00306357
0.00316936
0.00303002
0.00306491
0.00304662
0.00306316
0.00308189
0.00323399
0.00350453
0.00355172
0.00351488
0.00352515
0.00352010
0.00356142
0.00364432
0.00358861
0.00350684
0.00358924
0.00350446
0.00355570
0.00345684
0.00358255
0.00354198
0.00353414
0.00347406
0.00361690
0.00347077
0.00360144
0.00359787
0.00352479
0.00346888
0.00360338
0.00344936
0.00358574
0.00350149
0.00352302
0.00351372
0.00353092
0.00356063
0.00357515
0.00305628
0.00311766
0.00304564
0.00319126
0.00348449
0.00358413
0.00347327
0.00362015
0.00350909
0.00354058
0.00342460
0.00312404
0.00304486
0.00308707
0.00303726
0.00311119
0.00353255
0.00377152
0.00389673
0.00371703
0.00360774
0.00369481
0.00314249
0.00309849
0.00292652
0.00320449
0.00318107
0.00316685
0.00295872
0.00314691
0.00348460
0.00360838
0.00354169
0.00353280
0.00346816
0.00356164
0.00346149
0.00310539
0.00311960
0.00340527
0.00321963
0.00332468
0.00301292
0.00291311
0.00316274
0.00277780
0.00341836
0.00311354
0.00306717
0.00287391
0.00311265
0.00289237
0.00299744
0.00286440
0.00310866
0.00282711
0.00308010
0.00271174
0.00294024
0.00263406
0.00227267
0.00228932
0.00228485
0.00275129
0.00275046
0.00315747
0.00347771
0.00364586
0.00252621
0.00239115
0.00234322
0.00219120
0.00238464
0.00279884
0.00299919
0.00241911
0.00262989
0.00234877
0.00248751
0.00000000
0.00000000
0.00000000
0.00000000
0.00001052
0.00417806
0.00405506
0.00449021
0.00435928
0.00442631
0.00428352
0.00442644
0.00440141
0.00436894
0.00433532
0.00380228
0.00370120
0.00337943
0.00337766
0.00402817
0.00482941
0.00499696
0.00507007
0.00484286
0.00557717
0.00444674
0.00397495
0.00392293
0.00389727
0.00417960
0.00411655
0.00406751
0.00409256
0.00552243
0.00406833
0.00389502
0.00329259
0.00329285
0.00331909
0.00382970
0.00390265
0.00385517
0.00392470
0.00411002
0.00410067
0.00396078
0.00381754
0.00390842
0.00335287
0.00389307
0.00389589
0.00406046
0.00508328
0.00508742
0.00510450
0.00512654
0.00506968
0.00485142
0.00486841
0.00474306
0.00510395
0.00506466
0.00505595
0.00503091
0.00531541
0.00479326
0.00477875
0.00479811
0.00457035
0.00475858
0.00474248
0.00496873
0.00455662
0.00464866
0.00475729
0.00471297
0.00433112
0.00474822
0.00417744
0.00412944
0.00388483
0.00332874
0.00000000
0.00000000
0.00000000
0.00000000
0.00013974
0.00230114
0.00202537
0.00201391
0.00202799
0.00202948
0.00202449
0.00201133
0.00198447
0.00203335
0.00202532
0.00202445
0.00207681
0.00197825
0.00204022
0.00207087
0.00201099
0.00201440
0.00202740
0.00202576
0.00202559
0.00202964
0.00206619
0.00202917
0.00199220
0.00202579
0.00203071
0.00202897
0.00206840
0.00197309
0.00201455
0.00202984
0.00202873
0.00202472
0.00201370
0.00197791
0.00202901
0.00202454
0.00202462
0.00202958
0.00198604
0.00197732
0.00201768
0.00202408
0.00225329
0.00200597
0.00200386
0.00197444
0.00206833
0.00202854
0.00201535
0.00199471
0.00202638
0.00202841
0.00208173
0.00206851
0.00198690
0.00197405
0.00201250
0.00202147
0.00202521
0.00199165
0.00203031
0.00202963
0.00202528
0.00203578
0.00201217
0.00206169
0.00202784
0.00202514
0.00199232
0.00201018
0.00201249
0.00202512
0.00202497
0.00200968
0.00199949
0.00202882
0.00202455
0.00202011
0.00201211
0.00199663
0.00175783
0.00175088
0.00198976
0.00199517
0.00200710
0.00195088
0.00164595
0.00174284
0.00166122
0.00165990
0.00170453
0.00200200
0.00199484
0.00202610
0.00206565
0.00207073
0.00201456
0.00197330
0.00199687
0.00172760
0.00171291
0.00170732
0.00172759
0.00199921
0.00202615
0.00199858
0.00204061
0.00228168
0.00199590
0.00197385
0.00194740
0.00201817
0.00195737
0.00200869
0.00202415
0.00199167
0.00178540
0.00163273
0.00175159
0.00141058
0.00165649
0.00166989
0.00140423
0.00173378
0.00179803
0.00180996
0.00181810
0.00161734
0.00166089
0.00166557
0.00184614
0.00165774
0.00168430
0.00174701
0.00205298
0.00197442
0.00203985
0.00202835
0.00211135
0.00173891
0.00185037
0.00171949
0.00176730
0.00200928
0.00202671
0.00201688
0.00201780
0.00211293
0.00194185
0.00202086
0.00206460
0.00201382
0.00199916
0.00195553
0.00202165
0.00204517
0.00202596
0.00194333
0.00196832
0.00176274
0.00174750
0.00172884
0.00161952
0.00170788
0.00211215
0.00200898
0.00202662
0.00206747
0.00205265
0.00175072
0.00172436
0.00216625
0.00172336
0.00166379
0.00187666
0.00176972
0.00193774
0.00177472
0.00206315
0.00177670
0.00205390
0.00175071
0.00173400
0.00174044
0.00183020
0.00175283
0.00175294
0.00177338
0.00177331
0.00204738
0.00204836
0.00208089
0.00214055
0.00214220
0.00213644
0.00213755
0.00214100
0.00214040
0.00214222
0.00214026
0.00214704
0.00213832
0.00213808
0.00214363
0.00214260
0.00214165
0.00213702
0.00213746
0.00213786
0.00220286
0.00220246
0.00220168
0.00219771
0.00216401
0.00218001
0.00220439
0.00220279
0.00220257
0.00221132
0.00224701
0.00222412
0.00220382
0.00220671
0.00262583
0.00220718
0.00220442
0.00220264
0.00223035
0.00226516
0.00226354
0.00226893
0.00226774
0.00227304
0.00227163
0.00226791
0.00226669
0.00226401
0.00226430
0.00226732
0.00226953
0.00228121
0.00226994
0.00226670
0.00226274
0.00226188
0.00226151
0.00226742
0.00226841
0.00226910
0.00226711
0.00226791
0.00226376
0.00231662
0.00233255
0.00232926
0.00233707
0.00233614
0.00233732
0.00233622
0.00235393
0.00233730
0.00233161
0.00233109
0.00233290
0.00233309
0.00233669
0.00233769
0.00233763
0.00233624
0.00234093
0.00233403
0.00233138
0.00233264
0.00233295
0.00233094
0.00164125
0.00191158
0.00000000
0.00000000
0.00000000
0.00000000
0.00001109
0.00315942
0.00312196
0.00302873
0.00302106
0.00299535
0.00318722
0.00314279
0.00313954
0.00319779
0.00316119
0.00316279
0.00252911
0.00252480
0.00320575
0.00319354
0.00324623
0.00320409
0.00318782
0.00316639
0.00314209
0.00314288
0.00315722
0.00319270
0.00321689
0.00322966
0.00306375
0.00307669
0.00307197
0.00309588
0.00311089
0.00000000
0.00000000
0.00000000
0.00000000
0.00001115
0.00316769
0.00316380
0.00316483
0.00316124
0.00316175
0.00316249
0.00314174
0.00314389
0.00316408
0.00316375
0.00316560
0.00317435
0.00326604
0.00326856
0.00325986
0.00326363
0.00326445
0.00326771
0.00326533
0.00326417
0.00326095
0.00326871
0.00326618
0.00328354
0.00335192
0.00330524
0.00326999
0.00365689
0.00327074
