0.00001391
0.00481076
0.00497942
0.00504419
0.00502538
0.00508578
0.00494157
0.00500575
0.00492207
0.00491431
0.00490490
0.00490474
0.00491543
0.00505522
0.00493384
0.00491233
0.00491228
0.00491007
0.00491316
0.00490438
0.00491136
0.00490458
0.00490047
0.00490262
0.00491003
0.00490366
0.00490849
0.00489849
0.00490501
0.00490354
0.00490841
0.00490430
0.00490051
0.00490642
0.00489723
0.00490424
0.00491637
0.00458189
0.00000000
0.00000000
0.00000000
0.00000000
0.00001350
0.00492717
0.00491769
0.00490709
0.00493216
0.00491001
0.00498269
0.00494596
0.00000000
0.00000000
0.00000000
0.00000000
0.00001229
0.00493018
0.00490468
0.00492267
0.00491188
0.00492651
0.00491222
0.00492784
0.00492446
0.00492819
0.00491009
0.00492230
0.00490951
0.00493011
0.00491499
0.00492246
0.00490513
0.00492271
0.00490416
0.00491455
0.00491237
0.00492077
0.00490917
0.00491584
0.00490681
0.00494040
0.00491282
0.00493551
0.00490915
0.00493114
0.00491010
0.00491686
0.00490158
0.00513318
0.00491153
0.00492310
0.00000000
0.00000000
0.00000000
0.00000000
0.00001173
0.00352708
0.00352309
0.00351608
0.00352777
0.00351880
0.00352329
0.00351858
0.00352515
0.00351471
0.00352109
0.00352020
0.00352071
0.00352528
0.00352502
0.00351505
0.00353224
0.00351504
0.00000000
0.00000000
0.00000000
0.00000000
0.00001128
0.00348829
0.00348630
0.00348804
0.00348705
0.00348747
0.00348569
0.00349161
0.00348889
0.00348712
0.00000000
0.00000000
0.00000000
0.00000000
0.00000990
0.00348718
0.00349093
0.00349047
0.00348888
0.00348635
0.00349140
0.00336967
0.00337283
0.00337194
0.00336627
0.00000000
0.00000000
0.00000000
0.00000000
0.00001071
0.00337618
0.00337319
0.00348705
0.00000000
0.00000000
0.00000000
0.00000000
0.00001732
0.00349913
0.00339584
0.00337868
0.00337352
0.00343342
0.00337240
0.00337708
0.00337131
0.00337529
0.00337080
0.00000000
0.00000000
0.00000000
0.00000000
0.00001157
0.00337956
0.00337258
0.00336976
0.00336918
0.00338576
0.00334749
0.00334651
0.00339713
0.00338089
0.00337365
0.00337480
0.00337006
0.00336285
0.00337695
0.00337255
0.00337217
0.00337410
0.00337693
0.00336808
0.00337452
0.00337131
0.00337811
0.00352195
0.00337598
0.00336670
0.00337287
0.00338187
0.00337156
0.00337704
0.00337406
0.00000000
0.00000000
0.00000000
0.00000000
0.00001184
0.00334617
0.00334091
0.00334119
0.00334509
0.00333944
0.00333238
0.00333508
0.00334074
0.00000000
0.00000000
0.00000000
0.00000000
0.00001007
0.00337529
0.00338042
0.00336373
0.00337327
0.00336803
0.00337382
0.00337097
0.00337671
0.00337014
0.00338135
0.00000000
0.00000000
0.00000000
0.00000000
0.00001032
0.00338723
0.00337510
0.00336930
0.00338007
0.00337162
0.00337365
0.00337367
0.00352796
0.00364158
0.00350058
0.00355694
0.00349356
0.00352215
0.00348999
0.00348811
0.00348768
0.00349339
0.00349162
0.00348887
0.00349527
0.00350339
0.00349017
0.00348801
0.00348628
0.00348951
0.00348412
0.00348751
0.00348661
0.00348796
0.00349013
0.00348518
0.00348479
0.00349440
0.00348964
0.00348582
0.00348555
0.00348733
0.00348585
0.00349097
0.00348685
0.00349241
0.00348755
0.00348223
0.00348534
0.00349065
0.00348829
0.00348993
0.00349260
0.00348667
0.00348472
0.00348632
0.00348600
0.00348472
0.00348283
0.00348313
0.00348690
0.00000000
0.00000000
0.00000000
0.00000000
0.00001252
0.00349358
0.00349544
0.00348832
0.00348742
0.00349220
0.00348530
0.00349038
0.00349414
0.00353021
0.00349625
0.00348086
0.00362816
0.00351904
0.00349820
0.00349083
0.00348911
0.00000000
0.00000000
0.00000000
0.00000000
0.00001286
0.00206004
0.00205218
0.00204748
0.00205032
0.00205418
0.00205346
0.00205756
0.00205144
0.00205192
0.00205026
0.00205419
0.00205712
0.00205562
0.00205432
0.00205026
0.00205137
0.00205004
0.00205568
0.00205432
0.00205296
0.00204914
0.00204957
0.00204901
0.00205661
0.00205383
0.00204592
0.00204806
0.00204958
0.00205596
0.00205610
0.00205642
0.00205038
0.00204982
0.00204980
0.00205543
0.00205613
0.00205650
0.00205607
0.00204874
0.00205035
0.00205469
0.00205355
0.00205430
0.00205502
0.00205006
0.00205061
0.00205171
0.00198442
0.00198366
0.00198152
0.00197823
0.00198108
0.00198495
0.00198465
0.00197937
0.00197942
0.00198408
0.00198487
0.00198501
0.00197904
0.00197969
0.00198452
0.00198488
0.00198594
0.00197893
0.00000000
0.00000000
0.00000000
0.00000000
0.00001184
0.00346370
0.00345624
0.00345241
0.00345201
0.00344483
0.00344936
0.00345313
0.00345902
0.00345398
0.00345544
0.00345166
0.00344780
0.00000000
0.00000000
0.00000000
0.00000000
0.00001116
0.00350585
0.00350654
0.00350345
0.00351679
0.00350256
0.00350774
0.00350362
0.00350460
0.00000000
0.00000000
0.00000000
0.00000000
0.00001033
0.00350783
0.00350765
0.00350586
0.00350847
0.00350045
0.00351025
0.00350558
0.00351265
0.00351424
0.00351965
0.00349826
0.00351026
0.00350328
0.00350895
0.00350526
0.00350525
0.00349969
0.00350814
0.00350247
0.00350769
0.00350303
0.00350349
0.00350161
0.00350814
0.00351258
0.00351364
0.00350687
0.00351013
0.00350850
0.00351940
0.00350590
0.00355203
0.00351522
0.00351853
0.00354229
0.00352165
0.00350873
0.00351266
0.00350592
0.00351127
0.00350442
0.00351240
0.00350833
0.00351007
0.00350379
0.00351761
0.00366054
0.00351218
0.00350900
0.00350560
0.00351699
0.00351395
0.00350700
0.00351767
0.00350190
0.00350946
0.00362568
0.00361857
0.00356960
0.00350914
0.00350864
0.00350997
0.00350616
0.00351202
0.00350433
0.00350559
0.00350536
0.00352203
0.00351005
0.00351072
0.00353261
0.00364288
0.00363129
0.00363142
0.00362970
0.00362862
0.00362782
0.00363972
0.00362915
0.00365271
0.00376663
0.00364647
0.00368932
0.00362832
0.00366396
0.00363323
0.00363186
0.00363799
0.00363042
0.00363448
0.00362829
0.00363336
0.00362551
0.00363230
0.00362790
0.00363593
0.00362746
0.00363109
0.00362592
0.00363176
0.00363011
0.00362702
0.00362692
0.00363364
0.00363021
0.00363343
0.00362626
0.00363347
0.00362662
0.00362945
0.00362531
0.00363132
0.00363793
0.00363246
0.00362565
0.00362989
0.00362716
0.00363187
0.00362778
0.00362485
0.00362674
0.00363285
0.00362681
0.00363609
0.00362764
0.00363311
0.00362713
0.00363584
0.00362440
0.00363199
0.00362944
0.00363435
0.00362935
0.00363295
0.00363718
0.00353107
0.00351861
0.00350556
0.00350733
0.00351126
0.00350677
0.00351355
0.00350594
0.00350463
0.00350603
0.00350917
0.00350316
0.00351188
0.00345763
0.00337974
0.00334404
0.00000000
0.00000000
0.00000000
0.00000000
0.00001261
0.00672392
0.00680178
0.00562689
0.00800278
0.00708268
0.00735024
0.00979813
0.00795663
0.00857377
0.00897211
0.00899177
0.01400073
0.01409647
0.01421635
0.01443763
0.01337569
0.01337675
0.01347682
0.01365499
0.01358550
0.00880718
0.00876986
0.00875230
0.01333783
0.01328163
0.01425851
0.01421632
