0.00053913
0.00080975
0.00128656
0.00025591
0.00044827
0.00045644
0.00043236
0.00043434
0.00022298
0.00022528
0.00021941
0.00021808
0.00022907
0.00029424
0.00026593
0.00031152
0.00024296
0.00022069
0.00101169
0.00021950
0.00021917
0.00022174
0.00077429
0.00145530
0.00021811
0.00021489
0.00021573
0.00021492
0.00075287
0.00075130
0.00021314
0.00021848
0.00021510
0.00021210
0.00021426
0.00021289
0.00021230
0.00021497
0.00021343
0.00021917
0.00021429
0.00021329
0.00021358
0.00021300
0.00021250
0.00000000
0.00000000
0.00000000
0.00000000
0.00028401
0.00022529
0.00022409
0.00022303
0.00023146
0.00021287
0.00021151
0.00021302
0.00076267
0.00098030
0.00110003
0.00093094
0.00129801
0.00022821
0.00042032
0.00022906
0.00080636
0.00023390
0.00022696
0.00061614
0.00149119
0.00120291
0.00128595
0.00102467
0.00076266
0.00039855
0.00021256
0.00021467
0.00021415
0.00079754
0.00021398
0.00021379
0.00022147
0.00021334
0.00110666
0.00075676
0.00021190
0.00058287
0.00075641
0.00093002
0.00021170
0.00021452
0.00021362
0.00021302
0.00021383
0.00021317
0.00058483
0.00057990
0.00021364
0.00040013
0.00021198
0.00021469
0.00021402
0.00057898
0.00021368
0.00025567
0.00021401
0.00021340
0.00021424
0.00058400
0.00039934
0.00039874
0.00022812
0.00021215
0.00076234
0.00057587
0.00093650
0.00021248
0.00075582
0.00063752
0.00039678
0.00057711
0.00057685
0.00022206
0.00057956
0.00021356
0.00021414
0.00040153
0.00111680
0.00021281
0.00021346
0.00040025
0.00021440
0.00021324
0.00000000
0.00000000
0.00000000
0.00000000
0.00028253
0.00043355
0.00022413
0.00022498
0.00023170
0.00221488
0.00151982
0.00145493
0.00094770
0.00084664
0.00088377
0.00084727
0.00104516
0.00105619
0.00023899
0.00023658
0.00023667
0.00104677
0.00023742
0.00144176
0.00084753
0.00023547
0.00023701
0.00023103
0.00022559
0.00064960
0.00099664
0.00098574
0.00061587
0.00098680
0.00022639
0.00022415
0.00022477
0.00117343
0.00022459
0.00022513
0.00042167
0.00022311
0.00022579
0.00022441
0.00022630
0.00022407
0.00022550
0.00022674
0.00022587
0.00085346
0.00154886
0.00042175
0.00022725
0.00084905
0.00022496
0.00103206
0.00025827
0.00022411
0.00022569
0.00022462
0.00026704
0.00022425
0.00022340
0.00022572
0.00042183
0.00022313
0.00022402
0.00022388
0.00000000
0.00000000
0.00000000
0.00000000
0.00025783
0.00037513
0.00019713
0.00019773
0.00019827
0.00020255
0.00019871
0.00036908
0.00019690
0.00053025
0.00019554
0.00036992
0.00019705
0.00019703
0.00019625
0.00036728
0.00019822
0.00019730
0.00019851
0.00019666
0.00019668
0.00053129
0.00019870
0.00053530
0.00019691
0.00041186
0.00019919
0.00019619
0.00000000
0.00000000
0.00000000
0.00000000
0.00022483
0.00035649
0.00018953
0.00066719
0.00020798
0.00019020
0.00025898
0.00018964
0.00118151
0.00050555
0.00035331
0.00034956
0.00023231
0.00035227
0.00018956
0.00019070
0.00018966
0.00019016
0.00019066
0.00018991
0.00112793
0.00050628
0.00035674
0.00023082
0.00018996
0.00035239
0.00018912
0.00035247
0.00019078
0.00019076
0.00023769
0.00019097
0.00035555
0.00035364
