0.00002232
0.00132824
0.00119358
0.00127152
0.00119238
0.00116281
0.00117264
0.00116397
0.00000000
0.00000000
0.00000000
0.00000000
0.00004629
0.00125448
0.00115920
0.00112439
0.00000000
0.00000000
0.00000000
0.00000000
0.00001050
0.00117462
0.00115724
0.00000000
0.00000000
0.00000000
0.00000000
0.00005870
0.00123455
0.00110045
0.00109625
0.00110028
0.00109955
0.00109853
0.00109770
0.00109988
0.00109846
0.00109977
0.00109797
0.00109948
0.00109741
0.00109971
0.00000000
0.00000000
0.00000000
0.00000000
0.00001064
0.00110360
0.00110223
0.00109841
0.00000000
0.00000000
0.00000000
0.00000000
0.00000851
0.00109241
0.00108964
0.00109089
0.00109076
0.00109315
0.00000000
0.00000000
0.00000000
0.00000000
0.00000832
0.00109072
0.00109122
0.00110009
0.00109945
0.00110129
0.00109759
0.00000000
0.00000000
0.00000000
0.00000000
0.00005875
0.00117134
0.00110094
0.00109858
0.00109383
0.00110251
0.00109410
0.00109939
0.00000000
0.00000000
0.00000000
0.00000000
0.00000957
0.00119778
0.00109849
0.00109480
0.00114003
0.00109737
0.00109930
0.00113887
0.00000000
0.00000000
0.00000000
0.00000000
0.00000893
0.00109767
0.00109804
0.00109673
0.00000000
0.00000000
0.00000000
0.00000000
0.00000850
0.00122438
0.00109831
0.00109730
0.00128048
0.00120106
0.00116364
0.00115699
0.00115661
0.00000000
0.00000000
0.00000000
0.00000000
0.00006707
0.00124341
0.00115478
0.00000000
0.00000000
0.00000000
0.00000000
0.00000905
0.00109900
0.00109701
0.00109923
0.00122583
0.00116182
0.00115646
0.00115906
0.00115479
0.00113725
0.00109673
0.00109902
0.00109730
0.00110292
0.00109865
0.00109751
0.00110172
0.00109925
0.00109848
0.00109863
0.00109970
0.00109674
0.00109959
0.00110408
0.00110071
0.00109653
0.00113321
0.00141553
0.00115725
0.00000000
0.00000000
0.00000000
0.00000000
0.00007113
0.00123614
0.00110028
0.00109801
0.00109839
0.00109826
0.00000000
0.00000000
0.00000000
0.00000000
0.00000873
0.00110038
0.00110458
0.00117378
0.00114877
0.00119170
0.00115764
0.00115542
0.00110153
0.00109665
0.00109912
0.00109865
0.00113717
0.00109388
0.00109720
0.00113962
0.00109861
0.00109492
0.00109853
0.00000000
0.00000000
0.00000000
0.00000000
0.00006087
0.00117843
0.00109587
0.00109792
0.00109524
0.00110221
0.00109813
0.00111879
0.00109632
0.00109842
0.00109827
0.00110301
0.00109472
0.00109895
0.00109510
0.00110975
0.00110201
0.00109816
0.00109724
0.00109851
0.00121465
0.00113430
0.00109553
0.00109898
0.00113757
0.00109925
0.00109606
0.00000000
0.00000000
0.00000000
0.00000000
0.00000914
0.00110372
0.00000000
0.00000000
0.00000000
0.00000000
0.00001002
0.00119951
0.00115868
0.00119640
0.00000000
0.00000000
0.00000000
0.00000000
0.00001029
0.00115809
0.00116047
0.00116609
0.00110214
0.00109916
0.00109805
0.00109707
0.00109823
0.00110304
0.00109970
0.00109570
0.00109814
0.00110025
0.00114557
0.00109895
0.00109807
0.00121174
0.00123826
0.00119434
0.00120344
0.00117926
0.00116252
0.00115747
0.00118263
0.00115749
0.00115937
0.00109737
0.00109928
0.00110172
0.00110076
0.00109884
0.00109859
0.00109789
0.00123500
0.00115801
0.00115770
0.00109779
0.00109089
0.00109171
0.00108979
0.00109626
0.00109751
0.00109677
0.00109934
0.00109722
0.00109702
0.00110256
0.00110197
0.00110364
0.00113012
0.00109000
0.00109238
0.00110136
0.00110065
0.00109742
0.00109746
0.00109996
0.00109931
0.00109859
0.00110001
0.00109729
0.00109788
0.00109966
0.00109653
0.00109562
0.00116181
0.00109935
0.00109876
0.00110193
0.00109749
0.00109725
0.00109746
0.00109694
0.00110082
0.00112209
0.00110154
0.00109924
0.00110608
0.00109852
0.00109602
0.00109814
0.00110119
0.00109831
0.00110030
0.00109944
0.00109794
0.00109950
0.00109689
0.00109901
0.00109722
0.00109827
0.00109747
0.00109787
0.00109817
0.00109681
0.00109727
0.00109753
0.00109671
0.00109955
0.00000000
0.00000000
0.00000000
0.00000000
0.00001014
0.00111815
0.00109943
0.00109923
0.00109937
0.00109930
0.00109766
0.00109676
