0.03988277
0.00627571
0.00585708
0.00583241
0.00608598
0.00620637
0.00591346
0.00595852
0.00594042
0.00582382
0.00583776
0.00581971
0.00582883
0.00587448
0.00581059
0.00579728
0.00582870
0.00582893
0.00583707
0.00580040
0.00579385
0.00580249
0.00580877
0.00580314
0.00581336
0.00581643
0.00582285
0.00580292
0.00579693
0.00582191
0.00583452
0.00584513
0.00579880
0.00578491
0.00581040
0.00590174
0.00582711
0.00596967
0.00586466
0.00579536
0.00578539
0.00580686
0.00582435
0.00582505
0.00592719
0.00581491
0.00594314
0.00592861
0.00586792
0.00582570
0.00579570
0.00577949
0.00579159
0.00563053
0.00559925
0.00561350
0.00562112
0.00572815
0.00563509
0.00561188
0.00561051
0.00560518
0.00559637
0.00562240
0.00558765
0.00559082
0.00560307
0.00560514
0.00559704
0.00583176
0.00573435
0.00565289
0.00559075
0.00560774
0.00560884
0.00557306
0.00564164
0.00560706
0.00558600
0.00561021
0.00569215
0.00561470
0.00562271
0.00562063
0.00559388
0.00558642
0.00560313
0.00559471
0.00561058
0.00559810
0.00558210
0.00557872
0.00559157
0.00557947
0.00563092
0.00592789
0.00582150
0.00583452
0.00577612
0.00580411
0.00579350
0.00585519
0.00585427
0.00590701
0.00584288
0.00579768
0.00581619
0.00578889
0.00581767
0.00582279
0.00581680
0.00579120
0.00581988
0.00579368
0.00580230
0.00617353
0.00588498
0.00587442
0.00583786
0.00578640
0.00580086
0.00581598
0.00581645
0.00580747
0.00579405
0.00589634
0.00585673
0.00581953
0.00582277
0.00578755
0.00579126
0.00561144
0.00561334
0.00560321
0.00562853
0.00560268
0.00559663
0.00558413
0.00562898
0.00558933
0.00560344
0.00561563
0.00562475
0.00556548
0.00558556
0.00560470
0.00560401
0.00564500
0.00568213
0.00563093
0.00565643
0.00564960
0.00562555
0.00560867
0.00561471
0.00562488
0.00559738
0.00566438
0.00560296
0.00560617
0.00563365
0.00561069
0.00560006
0.00560520
0.00559515
0.00559992
0.00562040
0.00562815
0.00558612
0.00559430
0.00569812
0.00563096
0.00561684
0.00560959
0.00562528
0.00559368
0.00558659
0.00561367
0.00559908
0.00561031
0.00561003
0.00560283
0.00581661
0.00602407
0.00591638
0.00602773
0.00585190
0.00584251
0.00580476
0.00578029
0.00580777
0.00581933
0.00589688
0.00584774
0.00581053
0.00580214
0.00578926
0.00579519
0.00580786
0.00580886
0.00581868
0.00579941
0.00578674
0.00579102
0.00581477
0.00580613
0.00600246
0.00584647
0.00579651
0.00579109
0.00580575
0.00581042
0.00593646
0.00583781
0.00593666
0.00580516
0.00581397
0.00581557
0.00560534
0.00560873
0.00558449
0.00559912
0.00561747
0.00560957
0.00559289
0.00561644
0.00562200
0.00563507
0.00558733
0.00559203
0.00561639
0.00561561
0.00559761
0.00557243
0.00559476
0.00559447
0.00569858
0.00561313
0.00562826
0.00561231
0.00561852
0.00559883
0.00560246
0.00561345
0.00560366
0.00560655
0.00561121
0.00560070
0.00576973
0.00573437
0.00566541
0.00567470
0.00564813
0.00563279
0.00561282
0.00560209
0.00559904
0.00561163
0.00563125
0.00565401
0.00560560
0.00562809
0.00580795
0.00564203
0.00562235
0.00562621
0.00563399
0.00559694
0.00576516
0.00565882
0.00583670
0.00583123
0.00580927
0.00578484
0.00579034
0.00579188
0.00580496
0.00582745
0.00581068
0.00581184
0.00586428
0.00586380
0.00581782
0.00583459
0.00591614
0.00579315
0.00578019
0.00580363
0.00578511
0.00581881
0.00585580
0.00584855
0.00608767
0.00591344
0.00584887
0.00580463
0.00580435
0.00581624
0.00579552
0.00576677
0.00579707
0.00583269
0.00589886
0.00584699
0.00564097
0.00560822
0.00559114
0.00558621
0.00562265
0.00560486
0.00560134
0.00557941
0.00558802
0.00563144
0.00574366
0.00574107
0.00566555
0.00570195
0.00565876
0.00560963
0.00560115
0.00561336
0.00560878
0.00568402
0.00559306
0.00571835
0.00561415
0.00559913
0.00559595
0.00561635
0.00560034
0.00560275
0.00560350
0.00559281
0.00559303
0.00559367
0.00560046
0.00560662
0.00560105
0.00560141
0.00561889
0.00560560
0.00562317
0.00559739
0.00559418
0.00559580
0.00562122
0.00559889
0.00568356
0.00563174
0.00561027
