1
136.00,113.00,49.00,50.00
136.00,113.00,49.00,50.00
136.00,113.00,49.00,50.00
136.00,113.00,49.00,50.00
136.00,113.00,49.00,50.00
136.00,113.00,49.00,50.00
136.00,113.00,49.00,50.00
136.00,113.00,49.00,50.00
136.00,113.00,49.00,50.00
136.00,113.00,49.00,50.00
136.00,113.00,49.00,50.00
136.00,113.00,49.00,50.00
136.00,113.00,49.00,50.00
136.00,113.00,49.00,50.00
136.00,113.00,49.00,50.00
136.00,113.00,49.00,50.00
136.00,113.00,49.00,50.00
136.00,113.00,49.00,50.00
136.00,113.00,49.00,50.00
136.00,113.00,49.00,50.00
136.00,113.00,49.00,50.00
136.00,113.00,49.00,50.00
136.00,113.00,49.00,50.00
2
0
0
0
0
1
96.00,77.00,48.00,50.00
96.00,77.00,48.00,50.00
96.00,77.00,48.00,50.00
96.00,77.00,48.00,50.00
96.00,77.00,48.00,50.00
96.00,77.00,48.00,50.00
96.00,77.00,48.00,50.00
96.00,77.00,48.00,50.00
96.00,77.00,48.00,50.00
96.00,77.00,48.00,50.00
96.00,77.00,48.00,50.00
96.00,77.00,48.00,50.00
96.00,77.00,48.00,50.00
96.00,77.00,48.00,50.00
96.00,77.00,48.00,50.00
96.00,77.00,48.00,50.00
96.00,77.00,48.00,50.00
96.00,77.00,48.00,50.00
96.00,77.00,48.00,50.00
96.00,77.00,48.00,50.00
96.00,77.00,48.00,50.00
96.00,77.00,48.00,50.00
96.00,77.00,48.00,50.00
96.00,77.00,48.00,50.00
96.00,77.00,48.00,50.00
96.00,77.00,48.00,50.00
96.00,77.00,48.00,50.00
96.00,77.00,48.00,50.00
96.00,77.00,48.00,50.00
2
0
0
0
0
1
222.00,45.00,51.00,51.00
222.00,45.00,51.00,51.00
222.00,45.00,51.00,51.00
222.00,45.00,51.00,51.00
222.00,45.00,51.00,51.00
222.00,45.00,51.00,51.00
222.00,45.00,51.00,51.00
222.00,45.00,51.00,51.00
222.00,45.00,51.00,51.00
222.00,45.00,51.00,51.00
222.00,45.00,51.00,51.00
222.00,45.00,51.00,51.00
222.00,45.00,51.00,51.00
222.00,45.00,51.00,51.00
222.00,45.00,51.00,51.00
222.00,45.00,51.00,51.00
222.00,45.00,51.00,51.00
222.00,45.00,51.00,51.00
222.00,45.00,51.00,51.00
222.00,45.00,51.00,51.00
222.00,45.00,51.00,51.00
222.00,45.00,51.00,51.00
222.00,45.00,51.00,51.00
222.00,45.00,51.00,51.00
222.00,45.00,51.00,51.00
222.00,45.00,51.00,51.00
222.00,45.00,51.00,51.00
222.00,45.00,51.00,51.00
222.00,45.00,51.00,51.00
222.00,45.00,51.00,51.00
222.00,45.00,51.00,51.00
222.00,45.00,51.00,51.00
222.00,45.00,51.00,51.00
222.00,45.00,51.00,51.00
222.00,45.00,51.00,51.00
222.00,45.00,51.00,51.00
222.00,45.00,51.00,51.00
222.00,45.00,51.00,51.00
222.00,45.00,51.00,51.00
222.00,45.00,51.00,51.00
222.00,45.00,51.00,51.00
222.00,45.00,51.00,51.00
222.00,45.00,51.00,51.00
222.00,45.00,51.00,51.00
222.00,45.00,51.00,51.00
222.00,45.00,51.00,51.00
222.00,45.00,51.00,51.00
2
0
0
0
0
1
175.00,94.00,51.00,51.00
175.00,94.00,51.00,51.00
175.00,94.00,51.00,51.00
175.00,94.00,51.00,51.00
175.00,94.00,51.00,51.00
175.00,94.00,51.00,51.00
175.00,94.00,51.00,51.00
175.00,94.00,51.00,51.00
175.00,94.00,51.00,51.00
175.00,94.00,51.00,51.00
175.00,94.00,51.00,51.00
175.00,94.00,51.00,51.00
175.00,94.00,51.00,51.00
175.00,94.00,51.00,51.00
175.00,94.00,51.00,51.00
175.00,94.00,51.00,51.00
175.00,94.00,51.00,51.00
175.00,94.00,51.00,51.00
175.00,94.00,51.00,51.00
175.00,94.00,51.00,51.00
175.00,94.00,51.00,51.00
175.00,94.00,51.00,51.00
175.00,94.00,51.00,51.00
175.00,94.00,51.00,51.00
2
0
0
0
0
1
192.00,-7.00,29.00,53.00
192.00,-7.00,29.00,53.00
192.00,-7.00,29.00,53.00
192.00,-7.00,29.00,53.00
192.00,-7.00,29.00,53.00
192.00,-7.00,29.00,53.00
192.00,-7.00,29.00,53.00
2
0
0
0
0
1
184.00,27.00,32.00,49.00
184.00,27.00,32.00,49.00
184.00,27.00,32.00,49.00
184.00,27.00,32.00,49.00
2
0
0
0
0
1
128.00,83.00,47.00,49.00
128.00,83.00,47.00,49.00
128.00,83.00,47.00,49.00
128.00,83.00,47.00,49.00
128.00,83.00,47.00,49.00
128.00,83.00,47.00,49.00
128.00,83.00,47.00,49.00
128.00,83.00,47.00,49.00
128.00,83.00,47.00,49.00
128.00,83.00,47.00,49.00
128.00,83.00,47.00,49.00
128.00,83.00,47.00,49.00
128.00,83.00,47.00,49.00
128.00,83.00,47.00,49.00
128.00,83.00,47.00,49.00
2
0
0
0
0
1
72.00,121.00,45.00,51.00
72.00,121.00,45.00,51.00
72.00,121.00,45.00,51.00
72.00,121.00,45.00,51.00
72.00,121.00,45.00,51.00
72.00,121.00,45.00,51.00
72.00,121.00,45.00,51.00
72.00,121.00,45.00,51.00
72.00,121.00,45.00,51.00
72.00,121.00,45.00,51.00
72.00,121.00,45.00,51.00
72.00,121.00,45.00,51.00
72.00,121.00,45.00,51.00
72.00,121.00,45.00,51.00
72.00,121.00,45.00,51.00
72.00,121.00,45.00,51.00
72.00,121.00,45.00,51.00
72.00,121.00,45.00,51.00
72.00,121.00,45.00,51.00
72.00,121.00,45.00,51.00
72.00,121.00,45.00,51.00
72.00,121.00,45.00,51.00
72.00,121.00,45.00,51.00
72.00,121.00,45.00,51.00
72.00,121.00,45.00,51.00
72.00,121.00,45.00,51.00
72.00,121.00,45.00,51.00
72.00,121.00,45.00,51.00
2
0
0
0
0
1
140.00,183.00,49.00,43.00
140.00,183.00,49.00,43.00
140.00,183.00,49.00,43.00
140.00,183.00,49.00,43.00
140.00,183.00,49.00,43.00
140.00,183.00,49.00,43.00
140.00,183.00,49.00,43.00
140.00,183.00,49.00,43.00
140.00,183.00,49.00,43.00
140.00,183.00,49.00,43.00
140.00,183.00,49.00,43.00
140.00,183.00,49.00,43.00
140.00,183.00,49.00,43.00
140.00,183.00,49.00,43.00
140.00,183.00,49.00,43.00
140.00,183.00,49.00,43.00
140.00,183.00,49.00,43.00
140.00,183.00,49.00,43.00
140.00,183.00,49.00,43.00
140.00,183.00,49.00,43.00
2
0
0
0
0
1
165.00,108.00,47.00,46.00
165.00,108.00,47.00,46.00
165.00,108.00,47.00,46.00
165.00,108.00,47.00,46.00
165.00,108.00,47.00,46.00
165.00,108.00,47.00,46.00
165.00,108.00,47.00,46.00
165.00,108.00,47.00,46.00
165.00,108.00,47.00,46.00
165.00,108.00,47.00,46.00
165.00,108.00,47.00,46.00
165.00,108.00,47.00,46.00
