0.01067549
0.00155078
0.00152980
0.00151468
0.00151787
0.00155485
0.00155895
0.00152938
0.00152013
0.00152759
0.00151451
0.00153228
0.00151854
0.00153462
0.00150846
0.00151698
0.00151118
0.00152849
0.00152524
0.00150698
0.00151459
0.00151045
0.00152739
0.00152936
0.00180189
0.00000000
0.00000000
0.00000000
0.00000000
0.00889908
0.00138384
0.00138118
0.00138435
0.00137662
0.00138399
0.00137787
0.00138298
0.00138638
0.00137447
0.00137452
0.00137651
0.00139077
0.00138115
0.00138133
0.00138070
0.00136535
0.00135956
0.00135048
0.00135202
0.00135364
0.00136513
0.00134913
0.00135477
0.00135087
0.00136073
0.00135951
0.00134877
0.00136134
0.00135098
0.00136383
0.00000000
0.00000000
0.00000000
0.00000000
0.01166999
0.00177297
0.00176552
0.00176115
0.00174774
0.00176603
0.00175850
0.00175838
0.00177571
0.00177572
0.00177399
0.00176707
0.00175146
0.00176647
0.00221109
0.00175781
0.00176469
0.00176870
0.00176088
0.00176098
0.00174992
0.00175627
0.00174942
0.00177404
0.00175496
0.00176217
0.00176410
0.00175891
0.00174887
0.00175658
0.00175511
0.00175296
0.00175741
0.00169686
0.00170633
0.00170315
0.00169236
0.00170309
0.00169270
0.00170443
0.00170019
0.00171366
0.00169286
0.00169094
0.00169326
0.00180847
0.00169964
0.00170759
0.00169290
0.00000000
0.00000000
0.00000000
0.00000000
0.01144821
0.00175181
0.00169495
0.00171423
0.00170251
0.00169906
0.00172379
0.00170374
0.00170375
0.00169288
0.00171848
0.00169384
0.00175131
0.00171187
0.00173947
0.00169457
0.00172911
0.00170839
0.00173585
0.00172033
0.00172081
0.00169955
0.00171526
0.00176319
0.00176093
0.00178472
0.00000000
0.00000000
0.00000000
0.00000000
0.01347484
0.00200933
0.00199394
0.00199774
0.00198339
0.00199397
0.00198248
0.00198781
0.00198381
0.00000000
0.00000000
0.00000000
0.00000000
0.00889617
0.00131806
0.00129584
0.00240792
0.00173284
0.00146427
0.00000000
0.00000000
0.00000000
0.00000000
0.01451255
0.00218769
0.00213565
0.00218252
0.00214313
0.00219160
0.00214568
0.00215335
0.00214202
0.00215423
0.00213951
0.00214983
0.00216785
0.00214423
0.00217580
0.00213886
0.00219374
0.00000000
0.00000000
0.00000000
0.00000000
0.01004402
0.00156426
0.00154720
0.00152885
0.00149218
0.00150531
0.00149753
0.00151367
0.00153114
0.00150257
0.00154314
0.00150216
0.00152527
0.00151360
0.00149767
0.00150431
0.00149554
0.00153633
0.00150380
0.00154280
0.00149445
0.00152670
0.00150025
0.00151900
0.00151349
0.00149799
0.00152721
0.00150081
0.00155555
0.00150615
0.00000000
0.00000000
0.00000000
0.00000000
0.01366326
0.00210072
0.00202521
0.00198726
0.00200838
0.00198539
0.00200464
0.00199158
0.00200958
0.00198435
0.00198718
0.00199238
0.00200073
0.00199177
0.00199714
0.00198890
0.00199728
0.00199016
0.00199395
0.00198268
0.00198567
0.00198228
0.00000000
0.00000000
0.00000000
0.00000000
0.01458404
0.00218318
0.00221847
0.00217185
0.00220769
0.00216748
0.00219246
0.00216839
0.00216980
0.00219224
0.00216813
0.00216900
0.00216799
