0.01016750
0.00155614
0.00171206
0.00156327
0.00155221
0.00155994
0.00155280
0.00156024
0.00160842
0.00161177
0.00157042
0.00155170
0.00154703
0.00155420
0.00154299
0.00161718
0.00154956
0.00154987
0.00158650
0.00154885
0.00155876
0.00155103
0.00154658
0.00155591
0.00155222
0.00158916
0.00154929
0.00154381
0.00158257
0.00158829
0.00163693
0.00154821
0.00155440
0.00155279
0.00155118
0.00154839
0.00154314
0.00154483
0.00155101
0.00154812
0.00155265
0.00154470
0.00154557
0.00155173
0.00154216
0.00155463
0.00154821
0.00159364
0.00159404
0.00156492
0.00154873
0.00154896
0.00160211
0.00155389
0.00154987
0.00154715
0.00154231
0.00154037
0.00155350
0.00154495
0.00155144
0.00154279
0.00159137
0.00158973
0.00159875
0.00155826
0.00154496
0.00154489
0.00155547
0.00154657
0.00154921
0.00154317
0.00158713
0.00155817
0.00155360
0.00154791
0.00154992
0.00154172
0.00155331
0.00153967
0.00154649
0.00156716
0.00154775
0.00155297
0.00154937
0.00154655
0.00154947
0.00154160
0.00159382
0.00159338
0.00159026
0.00155301
0.00154472
0.00154400
0.00155132
0.00154468
0.00154760
0.00154808
0.00154043
0.00154282
0.00155062
0.00154410
0.00154576
0.00154492
0.00153984
0.00154812
0.00159792
0.00160169
0.00154853
0.00154370
0.00155385
0.00154448
0.00154644
0.00155480
0.00159503
0.00154800
0.00160367
0.00159613
0.00155462
0.00154936
0.00154477
0.00155018
0.00154716
0.00159569
0.00159809
0.00156911
0.00154199
0.00160600
0.00159941
0.00155585
0.00154739
0.00154137
0.00155179
0.00154411
0.00159947
0.00161118
0.00159454
0.00154421
0.00155143
0.00154754
0.00155353
0.00156334
0.00154610
0.00155807
0.00154341
0.00154813
0.00154932
0.00154376
0.00155408
0.00154419
0.00154130
0.00155743
0.00154517
0.00154742
0.00182151
0.00155280
0.00159975
0.00159851
0.00159797
0.00157241
0.00155394
0.00154670
0.00155384
0.00154846
0.00155585
0.00161547
0.00161691
0.00158738
0.00155760
0.00155062
0.00155367
0.00159388
0.00159129
0.00161738
0.00155580
0.00155441
0.00154723
0.00155408
0.00155485
0.00160282
0.00160094
0.00157523
0.00155748
0.00155375
0.00154796
0.00160192
0.00154964
0.00154634
0.00155551
0.00154244
0.00154620
0.00159779
0.00159647
0.00154537
0.00155425
0.00154281
0.00161783
0.00156221
0.00159868
0.00155047
0.00155215
0.00160260
0.00154902
0.00154993
0.00155451
0.00158963
0.00161170
0.00155901
0.00159729
0.00161979
0.00160838
0.00155153
0.00155269
0.00155054
0.00161899
0.00157315
0.00162552
0.00154832
0.00154166
0.00154467
0.00163903
0.00159268
0.00160724
0.00158803
0.00154678
0.00155931
0.00154447
0.00154603
0.00160329
0.00158964
0.00155458
0.00154276
0.00155153
0.00159726
0.00159233
0.00153938
0.00155041
0.00154587
0.00155734
0.00000000
0.00000000
0.00000000
0.00000000
0.00926272
0.00141264
0.00136509
0.00136887
0.00140361
0.00140202
0.00141490
0.00137214
0.00136794
0.00138071
0.00138909
0.00137792
0.00136545
0.00137833
0.00136857
0.00137463
0.00137132
0.00136974
0.00137423
0.00136470
0.00137505
0.00136946
0.00137193
0.00137095
0.00136472
0.00137271
0.00136351
0.00137814
0.00136424
0.00137454
0.00136578
0.00138051
0.00136683
0.00138258
0.00137056
0.00136914
0.00137539
0.00137200
0.00137620
0.00137528
0.00136896
0.00137618
0.00136559
0.00138704
0.00141631
0.00142344
0.00133736
0.00137193
0.00136264
0.00137433
0.00137925
0.00137513
0.00137385
0.00137337
0.00137834
0.00000000
0.00000000
0.00000000
0.00000000
0.01354891
