0.00001084
0.00080305
0.00084031
0.00084039
0.00082794
0.00082465
0.00082885
0.00085397
0.00083416
0.00082905
0.00093186
0.00095667
0.00093849
0.00097169
0.00156712
0.00099747
0.00098586
0.00109660
0.00102556
0.00102288
0.00101983
0.00102266
0.00101973
0.00102816
0.00104195
0.00108413
0.00112300
0.00105596
0.00110209
0.00103271
0.00111912
0.00103449
0.00108346
0.00120800
0.00117449
0.00109609
0.00109322
0.00137485
0.00114046
0.00109596
0.00127790
0.00109611
0.00109570
0.00118460
0.00113541
0.00114152
0.00119505
0.00109729
0.00111106
0.00111161
0.00111128
0.00109658
0.00111259
0.00111382
0.00108484
0.00104171
0.00104005
0.00110798
0.00106774
0.00112860
0.00106878
0.00106842
0.00106687
0.00106870
0.00110732
0.00106859
0.00114034
0.00106795
0.00111290
0.00106847
0.00106773
0.00106917
0.00106741
0.00109476
0.00106818
0.00107179
0.00108301
0.00108804
0.00106707
0.00106931
0.00106615
0.00108308
0.00110661
0.00106775
0.00107144
0.00108581
0.00110055
0.00106808
0.00106709
0.00107171
0.00109437
0.00114040
0.00109541
0.00104200
0.00106692
0.00106768
0.00110309
0.00106761
0.00107226
0.00106811
0.00110359
0.00106812
0.00108891
0.00109482
0.00109588
0.00115065
0.00106737
0.00107234
0.00106681
0.00107289
0.00108443
0.00109729
0.00109454
0.00111298
0.00104470
0.00106784
0.00107140
0.00106662
0.00108747
0.00106730
0.00106682
0.00112551
0.00106757
0.00107143
0.00110042
0.00110040
0.00109579
0.00109745
0.00111410
0.00111291
0.00111032
0.00106785
0.00110482
0.00110901
0.00106842
0.00106754
0.00108536
0.00113734
0.00109553
0.00110438
0.00109411
0.00106852
0.00106689
0.00106804
0.00106681
0.00106789
0.00109763
0.00109589
0.00109911
0.00104155
0.00106780
0.00111236
0.00106841
0.00110814
0.00106667
0.00109902
0.00108661
0.00112691
0.00103974
0.00106857
0.00108029
0.00106799
0.00107173
0.00106822
0.00109970
0.00109651
0.00109617
0.00109521
0.00107437
0.00107324
0.00106758
0.00107151
0.00108395
0.00108650
0.00109432
0.00109589
0.00112342
0.00113827
0.00111553
0.00106787
0.00107251
0.00106761
0.00106748
0.00106782
0.00106697
0.00112882
0.00106761
0.00107329
0.00106709
0.00111399
0.00109580
0.00109651
0.00109588
0.00110197
0.00110797
0.00106841
0.00107139
0.00106679
0.00106724
0.00106854
0.00106673
0.00115075
0.00113395
0.00111765
0.00106760
0.00108952
0.00109488
0.00109725
0.00109562
0.00110257
0.00107162
0.00106726
0.00109401
0.00108582
0.00109544
0.00109472
0.00108419
0.00107219
0.00106837
0.00111341
0.00106671
0.00106790
0.00000000
0.00000000
0.00000000
0.00000000
0.00011319
0.00111849
0.00112343
0.00107550
0.00107276
0.00107337
0.00108910
0.00107437
0.00110935
0.00110310
0.00110130
0.00104747
0.00107374
0.00111161
0.00107328
0.00107927
0.00107330
0.00107825
0.00111438
0.00110244
0.00110120
0.00113858
0.00110694
0.00107366
0.00115254
0.00107370
0.00109431
0.00110292
0.00111960
0.00108705
0.00107344
0.00110175
0.00110143
0.00118599
0.00110149
0.00110265
0.00110083
0.00110146
0.00114765
0.00110151
0.00115459
0.00107269
0.00107185
0.00114088
0.00107467
0.00111365
0.00107349
0.00107724
0.00111743
0.00107371
0.00106056
0.00110611
0.00116047
0.00106871
0.00111501
0.00107359
0.00107326
0.00107324
0.00107349
0.00109551
0.00107288
0.00111169
0.00107460
0.00107543
0.00107239
0.00107417
0.00107277
0.00111503
0.00108565
0.00107495
0.00107820
0.00109030
0.00107440
0.00110301
0.00107213
0.00107473
0.00110223
0.00111241
0.00141999
0.00115731
0.00110758
0.00110260
0.00143023
0.00110470
0.00135298
0.00110350
0.00110279
0.00114946
0.00114238
0.00115727
0.00109290
0.00107566
0.00111766
0.00107412
0.00112962
0.00107545
0.00107502
0.00111830
0.00104773
0.00111195
0.00107804
0.00107829
0.00110766
0.00109591
0.00107319
0.00107416
0.00107336
0.00107525
0.00109545
0.00106532
0.00102471
0.00101928
0.00110405
0.00106560
0.00106348
0.00101870
0.00101669
0.00101138
0.00102330
0.00094390
0.00093997
0.00094365
0.00094274
0.00094485
0.00085352
0.00085620
0.00084601
0.00086983
0.00082440
0.00082777
0.00084027
0.00084708
0.00084714
0.00090581
0.00086753
0.00086873
0.00081899
0.00084162
0.00084047
0.00084183
0.00083842
0.00084453
0.00000000
0.00000000
0.00000000
0.00000000
0.00001022
0.00035155
