0.00118219
0.00084357
0.00084189
0.00081879
0.00076359
0.00096804
0.00089703
0.00113969
0.00051713
0.00039501
0.00038517
0.00071065
0.00062380
0.00032883
0.00031922
0.00029229
0.00029152
0.00028339
0.00053218
0.00051948
0.00028216
0.00026728
0.00026963
0.00026851
0.00025861
0.00049056
0.00025913
0.00026016
0.00074277
0.00025832
0.00026006
0.00025150
0.00025179
0.00025418
0.00047618
0.00025055
0.00047533
0.00024943
0.00025158
0.00025265
0.00047623
0.00025039
0.00024985
0.00025135
0.00047574
0.00025049
0.00025286
0.00025247
0.00025132
0.00025289
0.00025294
0.00025458
0.00025316
0.00025285
0.00025359
0.00048105
0.00025197
0.00024703
0.00024103
0.00045291
0.00023924
0.00024006
0.00045298
0.00023999
0.00023963
0.00023930
0.00024065
0.00024014
0.00028308
0.00024002
0.00023961
0.00024416
0.00023899
0.00023924
0.00024508
0.00023834
0.00045064
0.00023962
0.00045247
0.00023975
0.00024061
0.00024022
0.00045350
0.00023967
0.00023896
0.00023876
0.00024101
0.00023966
0.00023927
0.00045505
0.00028184
0.00025643
0.00032615
0.00024072
0.00024192
0.00045547
0.00023793
0.00024039
0.00023955
0.00023991
0.00024008
0.00023932
0.00023870
0.00024100
0.00045162
0.00045537
0.00023791
0.00023757
0.00023931
0.00023867
0.00023894
0.00024078
0.00023930
0.00023799
0.00024110
0.00023968
0.00023905
0.00023933
0.00023937
0.00023944
0.00045350
0.00023707
0.00023844
0.00023845
0.00023830
0.00023777
0.00023978
0.00023899
0.00023803
0.00024081
0.00023870
0.00024311
0.00023688
0.00023719
0.00023752
0.00023803
0.00023754
0.00024022
0.00028422
0.00023881
0.00024289
0.00023908
0.00023747
0.00023973
0.00023897
0.00023680
0.00028315
0.00023870
0.00023971
0.00023977
0.00023931
0.00023831
0.00023925
0.00023827
0.00023817
0.00023954
0.00023929
0.00023801
0.00023897
0.00023888
0.00024378
0.00023854
0.00028031
0.00031514
0.00031778
0.00025909
0.00024789
0.00024685
0.00028700
0.00024518
0.00024488
0.00023952
0.00023767
0.00023772
0.00024136
0.00028170
0.00023777
0.00024056
0.00023937
0.00023838
0.00024009
0.00023983
0.00023904
0.00024057
0.00023894
0.00023882
0.00023926
0.00023894
0.00023901
0.00024132
0.00024086
0.00023976
0.00023935
0.00023907
0.00023971
0.00023942
0.00023976
0.00024620
0.00024026
0.00023917
0.00024423
0.00023935
0.00025555
0.00024039
0.00023934
0.00023893
0.00024676
0.00023952
0.00024102
0.00024086
0.00045635
0.00024060
0.00024199
0.00024577
0.00023924
0.00024017
0.00023745
0.00023922
0.00024176
0.00024008
0.00024018
0.00024128
0.00023961
0.00024464
0.00023935
0.00024506
0.00025540
0.00024667
0.00024615
0.00024801
0.00024054
0.00024002
0.00024184
0.00023982
0.00045538
0.00024024
0.00023910
0.00023885
0.00023896
0.00023828
0.00023777
0.00024715
0.00023896
0.00024539
0.00023789
0.00045103
0.00000000
0.00000000
0.00000000
0.00000000
0.00026846
0.00021953
0.00021903
0.00021909
0.00021859
0.00021781
0.00022405
0.00061369
0.00042155
0.00061391
0.00022040
0.00022019
0.00041257
0.00021815
0.00041131
0.00041158
0.00041132
0.00021972
0.00040949
0.00060357
0.00041000
0.00021967
0.00022887
0.00078799
0.00102831
0.00036638
0.00074092
0.00170772
0.00065964
0.00024096
0.00043588
0.00043863
0.00043136
0.00067236
0.00043198
0.00022851
0.00063017
0.00101385
0.00023048
0.00022953
0.00043059
0.00043075
0.00043033
0.00065235
0.00138773
0.00032525
0.00102455
0.00064363
0.00046630
0.00043569
0.00063666
0.00022835
0.00043153
0.00043022
0.00043178
0.00023188
0.00043332
0.00023058
0.00043446
0.00023347
0.00043258
0.00022274
0.00022033
0.00041086
0.00021943
0.00041293
0.00021896
0.00021847
0.00040911
0.00024638
0.00022715
0.00021924
0.00040875
0.00022084
0.00021870
0.00021922
0.00021810
0.00021979
0.00021933
0.00021920
0.00150165
0.00021878
0.00000000
0.00000000
0.00000000
0.00000000
0.00025724
0.00019214
0.00019409
0.00019085
0.00036718
0.00035651
0.00019115
0.00051450
0.00019190
0.00019206
0.00051390
0.00066985
0.00019101
0.00019306
0.00019086
0.00036558
0.00051503
0.00019151
0.00051368
0.00051309
0.00019225
0.00072085
0.00051289
0.00055888
0.00019305
0.00056119
0.00035846
0.00051724
0.00060155
0.00019363
0.00040007
0.00019375
0.00051634
0.00019130
0.00052060
0.00019165
0.00019382
0.00051705
